-3690.000000	0.204684	0.000000	0.204684
-3680.000000	0.204014	0.000000	0.204014
-3670.000000	0.203037	0.000000	0.203037
-3660.000000	0.201748	0.000000	0.201748
-3650.000000	0.200148	0.000000	0.200148
-3640.000000	0.198238	0.000000	0.198238
-3630.000000	0.196022	0.000000	0.196022
-3620.000000	0.193508	0.000000	0.193508
-3610.000000	0.190707	0.000000	0.190707
-3600.000000	0.187629	0.000000	0.187629
-3590.000000	0.184290	0.000000	0.184290
-3580.000000	0.180705	0.000000	0.180705
-3570.000000	0.176893	0.000000	0.176893
-3560.000000	0.172871	0.000000	0.172871
-3550.000000	0.168658	0.000000	0.168658
-3540.000000	0.164273	0.000000	0.164273
-3530.000000	0.159735	0.000000	0.159735
-3520.000000	0.155062	0.000000	0.155062
-3510.000000	0.150273	0.000000	0.150273
-3500.000000	0.145383	0.000000	0.145383
-3490.000000	0.140409	0.000000	0.140409
-3480.000000	0.135365	0.000000	0.135365
-3470.000000	0.130265	0.000000	0.130265
-3460.000000	0.125123	0.000000	0.125123
-3450.000000	0.119948	0.000000	0.119948
-3440.000000	0.114753	0.000000	0.114753
-3430.000000	0.109547	0.000000	0.109547
-3420.000000	0.104337	0.000000	0.104337
-3410.000000	0.099132	0.000000	0.099132
-3400.000000	0.093939	0.000000	0.093939
-3390.000000	0.088764	0.000000	0.088764
-3380.000000	0.083611	0.000000	0.083611
-3370.000000	0.078487	0.000000	0.078487
-3360.000000	0.073395	0.000000	0.073395
-3350.000000	0.068339	0.000000	0.068339
-3340.000000	0.063321	0.000000	0.063321
-3330.000000	0.058346	0.000000	0.058346
-3320.000000	0.053416	0.000000	0.053416
-3310.000000	0.048531	0.000000	0.048531
-3300.000000	0.043695	0.000000	0.043695
-3290.000000	0.038909	0.000000	0.038909
-3280.000000	0.034174	0.000000	0.034174
-3270.000000	0.029492	0.000000	0.029492
-3260.000000	0.024862	0.000000	0.024862
-3250.000000	0.020286	0.000000	0.020286
-3240.000000	0.015765	0.000000	0.015765
-3230.000000	0.011299	0.000000	0.011299
-3220.000000	0.006888	0.000000	0.006888
-3210.000000	0.002533	0.000000	0.002533
-3200.000000	-0.001767	0.000000	-0.001767
-3190.000000	-0.006011	0.000000	-0.006011
-3180.000000	-0.010200	0.000000	-0.010200
-3170.000000	-0.014332	0.000000	-0.014332
-3160.000000	-0.018410	0.000000	-0.018410
-3150.000000	-0.022432	0.000000	-0.022432
-3140.000000	-0.026399	0.000000	-0.026399
-3130.000000	-0.030310	0.000000	-0.030310
-3120.000000	-0.034168	0.000000	-0.034168
-3110.000000	-0.037971	0.000000	-0.037971
-3100.000000	-0.041720	0.000000	-0.041720
-3090.000000	-0.045415	0.000000	-0.045415
-3080.000000	-0.049058	0.000000	-0.049058
-3070.000000	-0.052647	0.000000	-0.052647
-3060.000000	-0.056184	0.000000	-0.056184
-3050.000000	-0.059669	0.000000	-0.059669
-3040.000000	-0.063103	0.000000	-0.063103
-3030.000000	-0.066485	0.000000	-0.066485
-3020.000000	-0.069816	0.000000	-0.069816
-3010.000000	-0.073097	0.000000	-0.073097
-3000.000000	-0.076328	0.000000	-0.076328
-2990.000000	-0.079510	0.000000	-0.079510
-2980.000000	-0.082642	0.000000	-0.082642
-2970.000000	-0.085726	0.000000	-0.085726
-2960.000000	-0.088761	0.000000	-0.088761
-2950.000000	-0.091749	0.000000	-0.091749
-2940.000000	-0.094689	0.000000	-0.094689
-2930.000000	-0.097583	0.000000	-0.097583
-2920.000000	-0.100430	0.000000	-0.100430
-2910.000000	-0.103230	0.000000	-0.103230
-2900.000000	-0.105985	0.000000	-0.105985
-2890.000000	-0.108695	0.000000	-0.108695
-2880.000000	-0.111359	0.000000	-0.111359
-2870.000000	-0.113979	0.000000	-0.113979
-2860.000000	-0.116555	0.000000	-0.116555
-2850.000000	-0.119088	0.000000	-0.119088
-2840.000000	-0.121577	0.000000	-0.121577
-2830.000000	-0.124022	0.000000	-0.124022
-2820.000000	-0.126425	0.000000	-0.126425
-2810.000000	-0.128786	0.000000	-0.128786
-2800.000000	-0.131105	0.000000	-0.131105
-2790.000000	-0.133382	0.000000	-0.133382
-2780.000000	-0.135619	0.000000	-0.135619
-2770.000000	-0.137814	0.000000	-0.137814
-2760.000000	-0.139968	0.000000	-0.139968
-2750.000000	-0.142083	0.000000	-0.142083
-2740.000000	-0.144157	0.000000	-0.144157
-2730.000000	-0.146192	0.000000	-0.146192
-2720.000000	-0.148188	0.000000	-0.148188
-2710.000000	-0.150144	0.000000	-0.150144
-2700.000000	-0.152062	0.000000	-0.152062
-2690.000000	-0.153942	0.000000	-0.153942
-2680.000000	-0.155783	0.000000	-0.155783
-2670.000000	-0.157587	0.000000	-0.157587
-2660.000000	-0.159353	0.000000	-0.159353
-2650.000000	-0.161082	0.000000	-0.161082
-2640.000000	-0.162773	0.000000	-0.162773
-2630.000000	-0.164429	0.000000	-0.164429
-2620.000000	-0.166047	0.000000	-0.166047
-2610.000000	-0.167630	0.000000	-0.167630
-2600.000000	-0.169176	0.000000	-0.169176
-2590.000000	-0.170687	0.000000	-0.170687
-2580.000000	-0.172163	0.000000	-0.172163
-2570.000000	-0.173603	0.000000	-0.173603
-2560.000000	-0.175008	0.000000	-0.175008
-2550.000000	-0.176378	0.000000	-0.176378
-2540.000000	-0.177714	0.000000	-0.177714
-2530.000000	-0.179016	0.000000	-0.179016
-2520.000000	-0.180284	0.000000	-0.180284
-2510.000000	-0.181517	0.000000	-0.181517
-2500.000000	-0.182718	0.000000	-0.182718
-2490.000000	-0.183884	0.000000	-0.183884
-2480.000000	-0.185018	0.000000	-0.185018
-2470.000000	-0.186118	0.000000	-0.186118
-2460.000000	-0.187185	0.000000	-0.187185
-2450.000000	-0.188220	0.000000	-0.188220
-2440.000000	-0.189223	0.000000	-0.189223
-2430.000000	-0.190193	0.000000	-0.190193
-2420.000000	-0.191131	0.000000	-0.191131
-2410.000000	-0.192037	0.000000	-0.192037
-2400.000000	-0.192911	0.000000	-0.192911
-2390.000000	-0.193754	0.000000	-0.193754
-2380.000000	-0.194565	0.000000	-0.194565
-2370.000000	-0.195345	0.000000	-0.195345
-2360.000000	-0.196094	0.000000	-0.196094
-2350.000000	-0.196812	0.000000	-0.196812
-2340.000000	-0.197500	0.000000	-0.197500
-2330.000000	-0.198156	0.000000	-0.198156
-2320.000000	-0.198783	0.000000	-0.198783
-2310.000000	-0.199379	0.000000	-0.199379
-2300.000000	-0.199945	0.000000	-0.199945
-2290.000000	-0.200480	0.000000	-0.200480
-2280.000000	-0.200986	0.000000	-0.200986
-2270.000000	-0.201462	0.000000	-0.201462
-2260.000000	-0.201909	0.000000	-0.201909
-2250.000000	-0.202326	0.000000	-0.202326
-2240.000000	-0.202713	0.000000	-0.202713
-2230.000000	-0.203072	0.000000	-0.203072
-2220.000000	-0.203401	0.000000	-0.203401
-2210.000000	-0.203702	0.000000	-0.203702
-2200.000000	-0.203973	0.000000	-0.203973
-2190.000000	-0.204216	0.000000	-0.204216
-2180.000000	-0.204430	0.000000	-0.204430
-2170.000000	-0.204616	0.000000	-0.204616
-2160.000000	-0.204773	0.000000	-0.204773
-2150.000000	-0.204902	0.000000	-0.204902
-2140.000000	-0.205003	0.000000	-0.205003
-2130.000000	-0.205075	0.000000	-0.205075
-2120.000000	-0.205120	0.000000	-0.205120
-2110.000000	-0.205137	0.000000	-0.205137
-2100.000000	-0.205126	0.000000	-0.205126
-2090.000000	-0.205087	0.000000	-0.205087
-2080.000000	-0.205021	0.000000	-0.205021
-2070.000000	-0.204927	0.000000	-0.204927
-2060.000000	-0.204806	0.000000	-0.204806
-2050.000000	-0.204658	0.000000	-0.204658
-2040.000000	-0.204482	0.000000	-0.204482
-2030.000000	-0.204279	0.000000	-0.204279
-2020.000000	-0.204049	0.000000	-0.204049
-2010.000000	-0.203792	0.000000	-0.203792
-2000.000000	-0.203509	0.000000	-0.203509
-1990.000000	-0.203198	0.000000	-0.203198
-1980.000000	-0.202861	0.000000	-0.202861
-1970.000000	-0.202497	0.000000	-0.202497
-1960.000000	-0.202106	0.000000	-0.202106
-1950.000000	-0.201689	0.000000	-0.201689
-1940.000000	-0.201245	0.000000	-0.201245
-1930.000000	-0.200775	0.000000	-0.200775
-1920.000000	-0.200279	0.000000	-0.200279
-1910.000000	-0.199756	0.000000	-0.199756
-1900.000000	-0.199207	0.000000	-0.199207
-1890.000000	-0.198632	0.000000	-0.198632
-1880.000000	-0.198031	0.000000	-0.198031
-1870.000000	-0.197404	0.000000	-0.197404
-1860.000000	-0.196751	0.000000	-0.196751
-1850.000000	-0.196072	0.000000	-0.196072
-1840.000000	-0.195367	0.000000	-0.195367
-1830.000000	-0.194637	0.000000	-0.194637
-1820.000000	-0.193880	0.000000	-0.193880
-1810.000000	-0.193098	0.000000	-0.193098
-1800.000000	-0.192291	0.000000	-0.192291
-1790.000000	-0.191458	0.000000	-0.191458
-1780.000000	-0.190599	0.000000	-0.190599
-1770.000000	-0.189714	0.000000	-0.189714
-1760.000000	-0.188805	0.000000	-0.188805
-1750.000000	-0.187869	0.000000	-0.187869
-1740.000000	-0.186909	0.000000	-0.186909
-1730.000000	-0.185923	0.000000	-0.185923
-1720.000000	-0.184912	0.000000	-0.184912
-1710.000000	-0.183875	0.000000	-0.183875
-1700.000000	-0.182814	0.000000	-0.182814
-1690.000000	-0.181727	0.000000	-0.181727
-1680.000000	-0.180615	0.000000	-0.180615
-1670.000000	-0.179478	0.000000	-0.179478
-1660.000000	-0.178315	0.000000	-0.178315
-1650.000000	-0.177128	0.000000	-0.177128
-1640.000000	-0.175916	0.000000	-0.175916
-1630.000000	-0.174678	0.000000	-0.174678
-1620.000000	-0.173416	0.000000	-0.173416
-1610.000000	-0.172129	0.000000	-0.172129
-1600.000000	-0.170817	0.000000	-0.170817
-1590.000000	-0.169480	0.000000	-0.169480
-1580.000000	-0.168118	0.000000	-0.168118
-1570.000000	-0.166731	0.000000	-0.166731
-1560.000000	-0.165320	0.000000	-0.165320
-1550.000000	-0.163884	0.000000	-0.163884
-1540.000000	-0.162422	0.000000	-0.162422
-1530.000000	-0.160937	0.000000	-0.160937
-1520.000000	-0.159426	0.000000	-0.159426
-1510.000000	-0.157891	0.000000	-0.157891
-1500.000000	-0.156331	0.000000	-0.156331
-1490.000000	-0.154746	0.000000	-0.154746
-1480.000000	-0.153137	0.000000	-0.153137
-1470.000000	-0.151503	0.000000	-0.151503
-1460.000000	-0.149844	0.000000	-0.149844
-1450.000000	-0.148161	0.000000	-0.148161
-1440.000000	-0.146453	0.000000	-0.146453
-1430.000000	-0.144720	0.000000	-0.144720
-1420.000000	-0.142963	0.000000	-0.142963
-1410.000000	-0.141182	0.000000	-0.141182
-1400.000000	-0.139375	0.000000	-0.139375
-1390.000000	-0.137545	0.000000	-0.137545
-1380.000000	-0.135689	0.000000	-0.135689
-1370.000000	-0.133809	0.000000	-0.133809
-1360.000000	-0.131905	0.000000	-0.131905
-1350.000000	-0.129976	0.000000	-0.129976
-1340.000000	-0.128023	0.000000	-0.128023
-1330.000000	-0.126045	0.000000	-0.126045
-1320.000000	-0.124042	0.000000	-0.124042
-1310.000000	-0.122015	0.000000	-0.122015
-1300.000000	-0.119964	0.000000	-0.119964
-1290.000000	-0.117888	0.000000	-0.117888
-1280.000000	-0.115788	0.000000	-0.115788
-1270.000000	-0.113663	0.000000	-0.113663
-1260.000000	-0.111514	0.000000	-0.111514
-1250.000000	-0.109341	0.000000	-0.109341
-1240.000000	-0.107142	0.000000	-0.107142
-1230.000000	-0.104920	0.000000	-0.104920
-1220.000000	-0.102673	0.000000	-0.102673
-1210.000000	-0.100402	0.000000	-0.100402
-1200.000000	-0.098106	0.000000	-0.098106
-1190.000000	-0.095786	0.000000	-0.095786
-1180.000000	-0.093442	0.000000	-0.093442
-1170.000000	-0.091073	0.000000	-0.091073
-1160.000000	-0.088679	0.000000	-0.088679
-1150.000000	-0.086262	0.000000	-0.086262
-1140.000000	-0.083820	0.000000	-0.083820
-1130.000000	-0.081354	0.000000	-0.081354
-1120.000000	-0.078864	0.000000	-0.078864
-1110.000000	-0.076349	0.000000	-0.076349
-1100.000000	-0.073810	0.000000	-0.073810
-1090.000000	-0.071247	0.000000	-0.071247
-1080.000000	-0.068660	0.000000	-0.068660
-1070.000000	-0.066048	0.000000	-0.066048
-1060.000000	-0.063413	0.000000	-0.063413
-1050.000000	-0.060753	0.000000	-0.060753
-1040.000000	-0.058069	0.000000	-0.058069
-1030.000000	-0.055361	0.000000	-0.055361
-1020.000000	-0.052630	0.000000	-0.052630
-1010.000000	-0.049874	0.000000	-0.049874
-1000.000000	-0.047094	0.000000	-0.047094
-990.000000	-0.044291	0.000000	-0.044291
-980.000000	-0.041464	0.000000	-0.041464
-970.000000	-0.038613	0.000000	-0.038613
-960.000000	-0.035738	0.000000	-0.035738
-950.000000	-0.032840	0.000000	-0.032840
-940.000000	-0.029918	0.000000	-0.029918
-930.000000	-0.026973	0.000000	-0.026973
-920.000000	-0.024005	0.000000	-0.024005
-910.000000	-0.021013	0.000000	-0.021013
-900.000000	-0.017998	0.000000	-0.017998
-890.000000	-0.014960	0.000000	-0.014960
-880.000000	-0.011899	0.000000	-0.011899
-870.000000	-0.008816	0.000000	-0.008816
-860.000000	-0.005710	0.000000	-0.005710
-850.000000	-0.002581	0.000000	-0.002581
-840.000000	0.000570	0.000000	0.000570
-830.000000	0.003742	0.000000	0.003742
-820.000000	0.006937	0.000000	0.006937
-810.000000	0.010154	0.000000	0.010154
-800.000000	0.013392	0.000000	0.013392
-790.000000	0.016651	0.000000	0.016651
-780.000000	0.019931	0.000000	0.019931
-770.000000	0.023232	0.000000	0.023232
-760.000000	0.026553	0.000000	0.026553
-750.000000	0.029895	0.000000	0.029895
-740.000000	0.033256	0.000000	0.033256
-730.000000	0.036637	0.000000	0.036637
-720.000000	0.040036	0.000000	0.040036
-710.000000	0.043454	0.000000	0.043454
-700.000000	0.046890	0.000000	0.046890
-690.000000	0.050344	0.000000	0.050344
-680.000000	0.053815	0.000000	0.053815
-670.000000	0.057302	0.000000	0.057302
-660.000000	0.060805	0.000000	0.060805
-650.000000	0.064323	0.000000	0.064323
-640.000000	0.067856	0.000000	0.067856
-630.000000	0.071403	0.000000	0.071403
-620.000000	0.074962	0.000000	0.074962
-610.000000	0.078533	0.000000	0.078533
-600.000000	0.082116	0.000000	0.082116
-590.000000	0.085708	0.000000	0.085708
-580.000000	0.089310	0.000000	0.089310
-570.000000	0.092919	0.000000	0.092919
-560.000000	0.096534	0.000000	0.096534
-550.000000	0.100155	0.000000	0.100155
-540.000000	0.103778	0.000000	0.103778
-530.000000	0.107404	0.000000	0.107404
-520.000000	0.111030	0.000000	0.111030
-510.000000	0.114654	0.000000	0.114654
-500.000000	0.118275	0.000000	0.118275
-490.000000	0.121889	0.000000	0.121889
-480.000000	0.125495	0.000000	0.125495
-470.000000	0.129090	0.000000	0.129090
-460.000000	0.132671	0.000000	0.132671
-450.000000	0.136235	0.000000	0.136235
-440.000000	0.139780	0.000000	0.139780
-430.000000	0.143300	0.000000	0.143300
-420.000000	0.146793	0.000000	0.146793
-410.000000	0.150255	0.000000	0.150255
-400.000000	0.153681	0.000000	0.153681
-390.000000	0.157066	0.000000	0.157066
-380.000000	0.160404	0.000000	0.160404
-370.000000	0.163691	0.000000	0.163691
-360.000000	0.166920	0.000000	0.166920
-350.000000	0.170085	0.000000	0.170085
-340.000000	0.173178	0.000000	0.173178
-330.000000	0.176192	0.000000	0.176192
-320.000000	0.179118	0.000000	0.179118
-310.000000	0.181949	0.000000	0.181949
-300.000000	0.184673	0.000000	0.184673
-290.000000	0.187282	0.000000	0.187282
-280.000000	0.189764	0.000000	0.189764
-270.000000	0.192108	0.000000	0.192108
-260.000000	0.194303	0.000000	0.194303
-250.000000	0.196335	0.000000	0.196335
-240.000000	0.198192	0.000000	0.198192
-230.000000	0.199859	0.000000	0.199859
-220.000000	0.201324	0.000000	0.201324
-210.000000	0.202572	0.000000	0.202572
-200.000000	0.203589	0.000000	0.203589
-190.000000	0.204361	0.000000	0.204361
-180.000000	0.204875	0.000000	0.204875
-170.000000	0.205118	0.000000	0.205118
-160.000000	0.205079	0.000000	0.205079
-150.000000	0.204748	0.000000	0.204748
-140.000000	0.204117	0.000000	0.204117
-130.000000	0.203179	0.000000	0.203179
-120.000000	0.201930	0.000000	0.201930
-110.000000	0.200370	0.000000	0.200370
-100.000000	0.198499	0.000000	0.198499
-90.000000	0.196322	0.000000	0.196322
-80.000000	0.193846	0.000000	0.193846
-70.000000	0.191081	0.000000	0.191081
-60.000000	0.188038	0.000000	0.188038
-50.000000	0.184731	0.000000	0.184731
-40.000000	0.181177	0.000000	0.181177
-30.000000	0.177393	0.000000	0.177393
-20.000000	0.173397	0.000000	0.173397
-10.000000	0.169207	0.000000	0.169207
0.000000	0.164843	0.000000	0.164843
10.000000	0.160324	0.000000	0.160324
20.000000	0.155667	0.000000	0.155667
30.000000	0.150891	0.000000	0.150891
40.000000	0.146014	0.000000	0.146014
50.000000	0.141049	0.000000	0.141049
60.000000	0.136014	0.000000	0.136014
70.000000	0.130921	0.000000	0.130921
80.000000	0.125783	0.000000	0.125783
90.000000	0.120612	0.000000	0.120612
100.000000	0.115419	0.000000	0.115419
110.000000	0.110213	0.000000	0.110213
120.000000	0.105004	0.000000	0.105004
130.000000	0.099798	0.000000	0.099798
140.000000	0.094603	0.000000	0.094603
150.000000	0.089425	0.000000	0.089425
160.000000	0.084269	0.000000	0.084269
170.000000	0.079141	0.000000	0.079141
180.000000	0.074045	0.000000	0.074045
190.000000	0.068984	0.000000	0.068984
200.000000	0.063961	0.000000	0.063961
210.000000	0.058980	0.000000	0.058980
220.000000	0.054044	0.000000	0.054044
230.000000	0.049154	0.000000	0.049154
240.000000	0.044311	0.000000	0.044311
250.000000	0.039519	0.000000	0.039519
260.000000	0.034777	0.000000	0.034777
270.000000	0.030088	0.000000	0.030088
280.000000	0.025451	0.000000	0.025451
290.000000	0.020869	0.000000	0.020869
300.000000	0.016341	0.000000	0.016341
310.000000	0.011868	0.000000	0.011868
320.000000	0.007449	0.000000	0.007449
330.000000	0.003087	0.000000	0.003087
340.000000	-0.001220	0.000000	-0.001220
350.000000	-0.005471	0.000000	-0.005471
360.000000	-0.009667	0.000000	-0.009667
370.000000	-0.013807	0.000000	-0.013807
380.000000	-0.017891	0.000000	-0.017891
390.000000	-0.021920	0.000000	-0.021920
400.000000	-0.025894	0.000000	-0.025894
410.000000	-0.029813	0.000000	-0.029813
420.000000	-0.033677	0.000000	-0.033677
430.000000	-0.037487	0.000000	-0.037487
440.000000	-0.041243	0.000000	-0.041243
450.000000	-0.044946	0.000000	-0.044946
460.000000	-0.048595	0.000000	-0.048595
470.000000	-0.052191	0.000000	-0.052191
480.000000	-0.055734	0.000000	-0.055734
490.000000	-0.059226	0.000000	-0.059226
500.000000	-0.062666	0.000000	-0.062666
510.000000	-0.066055	0.000000	-0.066055
520.000000	-0.069393	0.000000	-0.069393
530.000000	-0.072680	0.000000	-0.072680
540.000000	-0.075917	0.000000	-0.075917
550.000000	-0.079105	0.000000	-0.079105
560.000000	-0.082244	0.000000	-0.082244
570.000000	-0.085334	0.000000	-0.085334
580.000000	-0.088375	0.000000	-0.088375
590.000000	-0.091369	0.000000	-0.091369
600.000000	-0.094316	0.000000	-0.094316
610.000000	-0.097215	0.000000	-0.097215
620.000000	-0.100068	0.000000	-0.100068
630.000000	-0.102874	0.000000	-0.102874
640.000000	-0.105635	0.000000	-0.105635
650.000000	-0.108351	0.000000	-0.108351
660.000000	-0.111021	0.000000	-0.111021
670.000000	-0.113647	0.000000	-0.113647
680.000000	-0.116228	0.000000	-0.116228
690.000000	-0.118766	0.000000	-0.118766
700.000000	-0.121261	0.000000	-0.121261
710.000000	-0.123712	0.000000	-0.123712
720.000000	-0.126120	0.000000	-0.126120
730.000000	-0.128486	0.000000	-0.128486
740.000000	-0.130811	0.000000	-0.130811
750.000000	-0.133093	0.000000	-0.133093
760.000000	-0.135335	0.000000	-0.135335
770.000000	-0.137535	0.000000	-0.137535
780.000000	-0.139695	0.000000	-0.139695
790.000000	-0.141814	0.000000	-0.141814
800.000000	-0.143894	0.000000	-0.143894
810.000000	-0.145934	0.000000	-0.145934
820.000000	-0.147934	0.000000	-0.147934
830.000000	-0.149896	0.000000	-0.149896
840.000000	-0.151819	0.000000	-0.151819
850.000000	-0.153703	0.000000	-0.153703
860.000000	-0.155550	0.000000	-0.155550
870.000000	-0.157358	0.000000	-0.157358
880.000000	-0.159129	0.000000	-0.159129
890.000000	-0.160862	0.000000	-0.160862
900.000000	-0.162559	0.000000	-0.162559
910.000000	-0.164219	0.000000	-0.164219
920.000000	-0.165842	0.000000	-0.165842
930.000000	-0.167429	0.000000	-0.167429
940.000000	-0.168980	0.000000	-0.168980
950.000000	-0.170496	0.000000	-0.170496
960.000000	-0.171976	0.000000	-0.171976
970.000000	-0.173420	0.000000	-0.173420
980.000000	-0.174830	0.000000	-0.174830
990.000000	-0.176205	0.000000	-0.176205
1000.000000	-0.177545	0.000000	-0.177545
1010.000000	-0.178851	0.000000	-0.178851
1020.000000	-0.180123	0.000000	-0.180123
1030.000000	-0.181361	0.000000	-0.181361
1040.000000	-0.182566	0.000000	-0.182566
1050.000000	-0.183737	0.000000	-0.183737
1060.000000	-0.184874	0.000000	-0.184874
1070.000000	-0.185979	0.000000	-0.185979
1080.000000	-0.187051	0.000000	-0.187051
1090.000000	-0.188090	0.000000	-0.188090
1100.000000	-0.189096	0.000000	-0.189096
1110.000000	-0.190070	0.000000	-0.190070
1120.000000	-0.191012	0.000000	-0.191012
1130.000000	-0.191923	0.000000	-0.191923
1140.000000	-0.192801	0.000000	-0.192801
1150.000000	-0.193648	0.000000	-0.193648
1160.000000	-0.194463	0.000000	-0.194463
1170.000000	-0.195247	0.000000	-0.195247
1180.000000	-0.196000	0.000000	-0.196000
1190.000000	-0.196722	0.000000	-0.196722
1200.000000	-0.197413	0.000000	-0.197413
1210.000000	-0.198074	0.000000	-0.198074
1220.000000	-0.198704	0.000000	-0.198704
1230.000000	-0.199304	0.000000	-0.199304
1240.000000	-0.199874	0.000000	-0.199874
1250.000000	-0.200413	0.000000	-0.200413
1260.000000	-0.200923	0.000000	-0.200923
1270.000000	-0.201403	0.000000	-0.201403
1280.000000	-0.201853	0.000000	-0.201853
1290.000000	-0.202274	0.000000	-0.202274
1300.000000	-0.202666	0.000000	-0.202666
1310.000000	-0.203028	0.000000	-0.203028
1320.000000	-0.203361	0.000000	-0.203361
1330.000000	-0.203665	0.000000	-0.203665
1340.000000	-0.203940	0.000000	-0.203940
1350.000000	-0.204187	0.000000	-0.204187
1360.000000	-0.204404	0.000000	-0.204404
1370.000000	-0.204594	0.000000	-0.204594
1380.000000	-0.204755	0.000000	-0.204755
1390.000000	-0.204887	0.000000	-0.204887
1400.000000	-0.204991	0.000000	-0.204991
1410.000000	-0.205068	0.000000	-0.205068
1420.000000	-0.205116	0.000000	-0.205116
1430.000000	-0.205136	0.000000	-0.205136
1440.000000	-0.205129	0.000000	-0.205129
1450.000000	-0.205094	0.000000	-0.205094
1460.000000	-0.205031	0.000000	-0.205031
1470.000000	-0.204941	0.000000	-0.204941
1480.000000	-0.204823	0.000000	-0.204823
1490.000000	-0.204678	0.000000	-0.204678
1500.000000	-0.204506	0.000000	-0.204506
1510.000000	-0.204307	0.000000	-0.204307
1520.000000	-0.204080	0.000000	-0.204080
1530.000000	-0.203827	0.000000	-0.203827
1540.000000	-0.203546	0.000000	-0.203546
1550.000000	-0.203239	0.000000	-0.203239
1560.000000	-0.202905	0.000000	-0.202905
1570.000000	-0.202545	0.000000	-0.202545
1580.000000	-0.202157	0.000000	-0.202157
1590.000000	-0.201744	0.000000	-0.201744
1600.000000	-0.201303	0.000000	-0.201303
1610.000000	-0.200837	0.000000	-0.200837
1620.000000	-0.200344	0.000000	-0.200344
1630.000000	-0.199824	0.000000	-0.199824
1640.000000	-0.199279	0.000000	-0.199279
1650.000000	-0.198707	0.000000	-0.198707
1660.000000	-0.198110	0.000000	-0.198110
1670.000000	-0.197486	0.000000	-0.197486
1680.000000	-0.196836	0.000000	-0.196836
1690.000000	-0.196160	0.000000	-0.196160
1700.000000	-0.195459	0.000000	-0.195459
1710.000000	-0.194732	0.000000	-0.194732
1720.000000	-0.193979	0.000000	-0.193979
1730.000000	-0.193200	0.000000	-0.193200
1740.000000	-0.192396	0.000000	-0.192396
1750.000000	-0.191566	0.000000	-0.191566
1760.000000	-0.190710	0.000000	-0.190710
1770.000000	-0.189829	0.000000	-0.189829
1780.000000	-0.188923	0.000000	-0.188923
1790.000000	-0.187991	0.000000	-0.187991
1800.000000	-0.187033	0.000000	-0.187033
1810.000000	-0.186051	0.000000	-0.186051
1820.000000	-0.185043	0.000000	-0.185043
1830.000000	-0.184009	0.000000	-0.184009
1840.000000	-0.182951	0.000000	-0.182951
1850.000000	-0.181867	0.000000	-0.181867
1860.000000	-0.180758	0.000000	-0.180758
1870.000000	-0.179625	0.000000	-0.179625
1880.000000	-0.178466	0.000000	-0.178466
1890.000000	-0.177281	0.000000	-0.177281
1900.000000	-0.176072	0.000000	-0.176072
1910.000000	-0.174838	0.000000	-0.174838
1920.000000	-0.173579	0.000000	-0.173579
1930.000000	-0.172295	0.000000	-0.172295
1940.000000	-0.170986	0.000000	-0.170986
1950.000000	-0.169652	0.000000	-0.169652
1960.000000	-0.168294	0.000000	-0.168294
1970.000000	-0.166910	0.000000	-0.166910
1980.000000	-0.165502	0.000000	-0.165502
1990.000000	-0.164069	0.000000	-0.164069
2000.000000	-0.162611	0.000000	-0.162611
2010.000000	-0.161128	0.000000	-0.161128
2020.000000	-0.159621	0.000000	-0.159621
2030.000000	-0.158089	0.000000	-0.158089
2040.000000	-0.156532	0.000000	-0.156532
2050.000000	-0.154950	0.000000	-0.154950
2060.000000	-0.153344	0.000000	-0.153344
2070.000000	-0.151713	0.000000	-0.151713
2080.000000	-0.150058	0.000000	-0.150058
2090.000000	-0.148378	0.000000	-0.148378
2100.000000	-0.146673	0.000000	-0.146673
2110.000000	-0.144944	0.000000	-0.144944
2120.000000	-0.143190	0.000000	-0.143190
2130.000000	-0.141411	0.000000	-0.141411
2140.000000	-0.139608	0.000000	-0.139608
2150.000000	-0.137780	0.000000	-0.137780
2160.000000	-0.135928	0.000000	-0.135928
2170.000000	-0.134051	0.000000	-0.134051
2180.000000	-0.132150	0.000000	-0.132150
2190.000000	-0.130224	0.000000	-0.130224
2200.000000	-0.128274	0.000000	-0.128274
2210.000000	-0.126299	0.000000	-0.126299
2220.000000	-0.124300	0.000000	-0.124300
2230.000000	-0.122276	0.000000	-0.122276
2240.000000	-0.120228	0.000000	-0.120228
2250.000000	-0.118155	0.000000	-0.118155
2260.000000	-0.116058	0.000000	-0.116058
2270.000000	-0.113937	0.000000	-0.113937
2280.000000	-0.111791	0.000000	-0.111791
2290.000000	-0.109620	0.000000	-0.109620
2300.000000	-0.107425	0.000000	-0.107425
2310.000000	-0.105206	0.000000	-0.105206
2320.000000	-0.102962	0.000000	-0.102962
2330.000000	-0.100694	0.000000	-0.100694
2340.000000	-0.098401	0.000000	-0.098401
2350.000000	-0.096084	0.000000	-0.096084
2360.000000	-0.093743	0.000000	-0.093743
2370.000000	-0.091377	0.000000	-0.091377
2380.000000	-0.088987	0.000000	-0.088987
2390.000000	-0.086573	0.000000	-0.086573
2400.000000	-0.084134	0.000000	-0.084134
2410.000000	-0.081671	0.000000	-0.081671
2420.000000	-0.079184	0.000000	-0.079184
2430.000000	-0.076672	0.000000	-0.076672
2440.000000	-0.074137	0.000000	-0.074137
2450.000000	-0.071577	0.000000	-0.071577
2460.000000	-0.068992	0.000000	-0.068992
2470.000000	-0.066384	0.000000	-0.066384
2480.000000	-0.063751	0.000000	-0.063751
2490.000000	-0.061095	0.000000	-0.061095
2500.000000	-0.058414	0.000000	-0.058414
2510.000000	-0.055709	0.000000	-0.055709
2520.000000	-0.052981	0.000000	-0.052981
2530.000000	-0.050228	0.000000	-0.050228
2540.000000	-0.047451	0.000000	-0.047451
2550.000000	-0.044651	0.000000	-0.044651
2560.000000	-0.041827	0.000000	-0.041827
2570.000000	-0.038979	0.000000	-0.038979
2580.000000	-0.036107	0.000000	-0.036107
2590.000000	-0.033212	0.000000	-0.033212
2600.000000	-0.030293	0.000000	-0.030293
2610.000000	-0.027351	0.000000	-0.027351
2620.000000	-0.024386	0.000000	-0.024386
2630.000000	-0.021397	0.000000	-0.021397
2640.000000	-0.018385	0.000000	-0.018385
2650.000000	-0.015350	0.000000	-0.015350
2660.000000	-0.012292	0.000000	-0.012292
2670.000000	-0.009212	0.000000	-0.009212
2680.000000	-0.006109	0.000000	-0.006109
2690.000000	-0.002983	0.000000	-0.002983
2700.000000	0.000165	0.000000	0.000165
2710.000000	0.003335	0.000000	0.003335
2720.000000	0.006527	0.000000	0.006527
2730.000000	0.009741	0.000000	0.009741
2740.000000	0.012976	0.000000	0.012976
2750.000000	0.016233	0.000000	0.016233
2760.000000	0.019510	0.000000	0.019510
2770.000000	0.022809	0.000000	0.022809
2780.000000	0.026127	0.000000	0.026127
2790.000000	0.029466	0.000000	0.029466
2800.000000	0.032825	0.000000	0.032825
2810.000000	0.036203	0.000000	0.036203
2820.000000	0.039600	0.000000	0.039600
2830.000000	0.043016	0.000000	0.043016
2840.000000	0.046450	0.000000	0.046450
2850.000000	0.049901	0.000000	0.049901
2860.000000	0.053370	0.000000	0.053370
2870.000000	0.056855	0.000000	0.056855
2880.000000	0.060356	0.000000	0.060356
2890.000000	0.063872	0.000000	0.063872
2900.000000	0.067403	0.000000	0.067403
2910.000000	0.070948	0.000000	0.070948
2920.000000	0.074506	0.000000	0.074506
2930.000000	0.078076	0.000000	0.078076
2940.000000	0.081657	0.000000	0.081657
2950.000000	0.085248	0.000000	0.085248
2960.000000	0.088848	0.000000	0.088848
2970.000000	0.092456	0.000000	0.092456
2980.000000	0.096071	0.000000	0.096071
2990.000000	0.099691	0.000000	0.099691
3000.000000	0.103314	0.000000	0.103314
3010.000000	0.106940	0.000000	0.106940
3020.000000	0.110566	0.000000	0.110566
3030.000000	0.114191	0.000000	0.114191
3040.000000	0.117812	0.000000	0.117812
3050.000000	0.121427	0.000000	0.121427
3060.000000	0.125034	0.000000	0.125034
3070.000000	0.128630	0.000000	0.128630
3080.000000	0.132214	0.000000	0.132214
3090.000000	0.135780	0.000000	0.135780
3100.000000	0.139327	0.000000	0.139327
3110.000000	0.142851	0.000000	0.142851
3120.000000	0.146348	0.000000	0.146348
3130.000000	0.149814	0.000000	0.149814
3140.000000	0.153245	0.000000	0.153245
3150.000000	0.156635	0.000000	0.156635
3160.000000	0.159980	0.000000	0.159980
3170.000000	0.163274	0.000000	0.163274
3180.000000	0.166511	0.000000	0.166511
3190.000000	0.169684	0.000000	0.169684
3200.000000	0.172786	0.000000	0.172786
3210.000000	0.175811	0.000000	0.175811
3220.000000	0.178749	0.000000	0.178749
3230.000000	0.181592	0.000000	0.181592
3240.000000	0.184331	0.000000	0.184331
3250.000000	0.186955	0.000000	0.186955
3260.000000	0.189454	0.000000	0.189454
3270.000000	0.191816	0.000000	0.191816
3280.000000	0.194031	0.000000	0.194031
3290.000000	0.196084	0.000000	0.196084
3300.000000	0.197964	0.000000	0.197964
3310.000000	0.199657	0.000000	0.199657
3320.000000	0.201148	0.000000	0.201148
3330.000000	0.202425	0.000000	0.202425
3340.000000	0.203472	0.000000	0.203472
3350.000000	0.204276	0.000000	0.204276
3360.000000	0.204824	0.000000	0.204824
3370.000000	0.205102	0.000000	0.205102
3380.000000	0.205100	0.000000	0.205100
3390.000000	0.204807	0.000000	0.204807
3400.000000	0.204215	0.000000	0.204215
3410.000000	0.203316	0.000000	0.203316
3420.000000	0.202108	0.000000	0.202108
3430.000000	0.200587	0.000000	0.200587
3440.000000	0.198756	0.000000	0.198756
3450.000000	0.196618	0.000000	0.196618
3460.000000	0.194180	0.000000	0.194180
3470.000000	0.191451	0.000000	0.191451
3480.000000	0.188442	0.000000	0.188442
3490.000000	0.185169	0.000000	0.185169
3500.000000	0.181645	0.000000	0.181645
3510.000000	0.177889	0.000000	0.177889
3520.000000	0.173919	0.000000	0.173919
3530.000000	0.169753	0.000000	0.169753
3540.000000	0.165411	0.000000	0.165411
3550.000000	0.160910	0.000000	0.160910
3560.000000	0.156270	0.000000	0.156270
3570.000000	0.151509	0.000000	0.151509
3580.000000	0.146643	0.000000	0.146643
3590.000000	0.141689	0.000000	0.141689
3600.000000	0.136662	0.000000	0.136662
