2434222.525096	4.672487	0.000000e+00	16546.582005	0.205137	0.546625	2450335.023515	109.141717	1.643364
2434222.525121	4.672486	0.000000e+00	16575.233196	0.201579	0.520264	2433873.386852	112.659802	1.644436
2434222.525133	4.672488	0.000000e+00	16545.829629	0.204932	0.568941	2417139.854422	105.974492	1.644518
2434222.525109	4.672486	0.000000e+00	16590.360203	0.205403	0.548882	2433912.379419	115.191333	1.645421
2434222.524961	4.672486	0.000000e+00	16569.526745	0.203301	0.549122	2450295.230223	107.594026	1.645432
2434222.524992	4.672486	0.000000e+00	16579.286266	0.205260	0.544250	2450455.523712	113.888680	1.645666
2434222.524968	4.672487	0.000000e+00	16556.130789	0.203151	0.545530	2417197.848181	109.749485	1.645883
2434222.525096	4.672489	0.000000e+00	16534.071571	0.201082	0.547691	2450274.387674	107.190399	1.646136
2434222.525128	4.672487	0.000000e+00	16538.796114	0.206137	0.550226	2417321.491045	112.993841	1.646152
2434222.525109	4.672489	0.000000e+00	16502.946340	0.204586	0.559282	2433668.594323	104.406028	1.646249
2434222.524957	4.672487	0.000000e+00	16542.714642	0.203901	0.562923	2417298.715908	111.022727	1.647005
2434222.525100	4.672488	0.000000e+00	16572.915331	0.202808	0.524237	2450226.309602	106.026093	1.647033
2434222.524989	4.672486	0.000000e+00	16520.275962	0.205582	0.518156	2433776.801441	108.217578	1.647113
2434222.524932	4.672488	0.000000e+00	16515.726840	0.202614	0.553587	2450219.306022	106.993204	1.647381
2434222.524997	4.672487	0.000000e+00	16514.591527	0.204418	0.557903	2417278.965793	108.307018	1.647490
2434222.525009	4.672487	0.000000e+00	16569.355252	0.201508	0.552350	2417139.408081	105.159509	1.647515
2434222.524959	4.672486	0.000000e+00	16548.050576	0.203139	0.548549	2433774.001945	110.453547	1.647517
2434222.525073	4.672488	0.000000e+00	16508.040773	0.204033	0.528247	2433713.873520	107.160133	1.647521
2434222.524871	4.672487	0.000000e+00	16548.212685	0.202201	0.528740	2417116.376152	104.733650	1.647526
2434222.525100	4.672485	0.000000e+00	16603.072826	0.204758	0.502239	2433762.437375	110.209965	1.647583
2434222.525031	4.672487	0.000000e+00	16525.308502	0.204175	0.539304	2433689.532949	104.109319	1.647742
2434222.525086	4.672489	0.000000e+00	16523.023636	0.204211	0.575161	2433733.239657	107.056271	1.647965
2434222.525076	4.672486	0.000000e+00	16616.181612	0.205246	0.536721	2433710.572815	107.234642	1.648074
2434222.525112	4.672489	0.000000e+00	16554.166913	0.200910	0.535164	2450351.430367	109.693932	1.648091
2434222.525116	4.672488	0.000000e+00	16557.216866	0.202493	0.579871	2450341.879724	110.856648	1.648171
2434222.525054	4.672488	0.000000e+00	16518.777350	0.198497	0.539086	2417166.718469	104.551655	1.648396
2434222.524977	4.672487	0.000000e+00	16570.203549	0.209159	0.542136	2450350.720506	110.613809	1.648444
2434222.524937	4.672488	0.000000e+00	16508.434466	0.202274	0.539366	2417295.868166	108.543867	1.648492
2434222.525035	4.672487	0.000000e+00	16498.811479	0.204582	0.530465	2450369.875304	111.323491	1.648493
2434222.524961	4.672487	0.000000e+00	16610.848196	0.205858	0.535174	2450327.573965	107.750119	1.648498
2434222.525133	4.672488	0.000000e+00	16619.816263	0.201185	0.552913	2450350.268503	109.340730	1.648670
2434222.525043	4.672486	0.000000e+00	16615.359036	0.202819	0.541179	2450342.300315	107.691425	1.648674
2434222.524800	4.672487	0.000000e+00	16539.983203	0.204208	0.545535	2450323.787740	107.942624	1.648681
2434222.524859	4.672485	0.000000e+00	16596.428937	0.205012	0.515210	2450442.747442	112.008415	1.648681
2434222.525061	4.672486	0.000000e+00	16602.981789	0.203857	0.519113	2417196.308509	112.675279	1.648687
2434222.525079	4.672484	0.000000e+00	16638.131946	0.202342	0.519542	2417289.316853	114.985607	1.648724
2434222.525053	4.672486	0.000000e+00	16550.806130	0.198960	0.538951	2450456.304416	112.198908	1.648969
2434222.524953	4.672488	0.000000e+00	16604.353443	0.203542	0.526702	2450343.592528	109.002516	1.648992
2434222.525038	4.672486	0.000000e+00	16605.180735	0.204758	0.555489	2417137.319898	110.214863	1.649001
2434222.524994	4.672485	0.000000e+00	16570.441092	0.201408	0.510380	2417314.234495	111.732959	1.649073
2434222.525095	4.672488	0.000000e+00	16484.540508	0.205069	0.545716	2417208.156442	103.830200	1.649075
2434222.525085	4.672484	0.000000e+00	16579.875071	0.201956	0.540803	2450460.568560	113.598834	1.649087
2434222.524841	4.672486	0.000000e+00	16524.585143	0.207090	0.538053	2433695.881891	106.848944	1.649125
2434222.524780	4.672485	0.000000e+00	16560.564217	0.205153	0.531280	2450449.462609	112.599143	1.649189
2434222.525122	4.672489	0.000000e+00	16542.022741	0.199112	0.533531	2450201.446859	105.520467	1.649235
2434222.525004	4.672485	0.000000e+00	16556.959138	0.199593	0.522745	2433880.533830	111.595824	1.649243
2434222.524942	4.672485	0.000000e+00	16628.613134	0.202152	0.513086	2417185.375695	111.842794	1.649331
2434222.524859	4.672485	0.000000e+00	16609.952655	0.206478	0.537623	2417308.947685	115.409496	1.649346
2434222.525113	4.672487	0.000000e+00	16594.206079	0.202727	0.540806	2433788.956341	112.580956	1.649385
2434222.525084	4.672489	0.000000e+00	16557.304648	0.200194	0.576277	2417104.720646	104.137776	1.649504
2434222.525131	4.672487	0.000000e+00	16487.925201	0.205147	0.528019	2433617.847515	103.928457	1.649576
2434222.524920	4.672487	0.000000e+00	16610.776923	0.203272	0.542253	2450317.930371	106.263020	1.649585
2434222.524876	4.672485	0.000000e+00	16536.976596	0.203531	0.517716	2450471.920890	114.509321	1.649614
2434222.525063	4.672487	0.000000e+00	16529.558113	0.198216	0.536256	2433875.751611	112.555447	1.649751
2434222.525073	4.672488	0.000000e+00	16545.162323	0.203827	0.584259	2417271.678263	110.525656	1.649782
2434222.524923	4.672486	0.000000e+00	16538.720194	0.205889	0.527131	2450463.198258	113.907778	1.649822
2434222.525124	4.672486	0.000000e+00	16504.480661	0.200377	0.533071	2450360.280733	111.651856	1.649831
2434222.524989	4.672486	0.000000e+00	16624.937252	0.203500	0.538353	2433976.021621	117.733560	1.649839
2434222.524906	4.672486	0.000000e+00	16580.477562	0.201522	0.557451	2433776.598310	107.962064	1.649858
2434222.524964	4.672488	0.000000e+00	16507.891915	0.204109	0.527388	2433592.879410	103.083077	1.649876
2434222.524930	4.672486	0.000000e+00	16513.851005	0.204307	0.522676	2417202.736923	105.240178	1.649890
2434222.525039	4.672487	0.000000e+00	16553.771676	0.199369	0.501390	2433752.126219	108.236623	1.649909
2434222.525022	4.672486	0.000000e+00	16588.827853	0.209814	0.531254	2450311.917364	108.797187	1.649916
2434222.524915	4.672489	0.000000e+00	16554.836508	0.199660	0.533321	2417196.007628	107.325574	1.649950
2434222.525103	4.672488	0.000000e+00	16487.199403	0.200347	0.527854	2417203.738881	106.074276	1.649956
2434222.525067	4.672486	0.000000e+00	16574.895922	0.200202	0.516005	2433890.287960	111.283216	1.649961
2434222.525073	4.672489	0.000000e+00	16518.594478	0.208246	0.543600	2450140.135059	103.180801	1.649989
2434222.525078	4.672485	0.000000e+00	16610.511691	0.205690	0.499310	2450527.921292	113.969243	1.650003
2434222.525002	4.672487	0.000000e+00	16615.734046	0.201685	0.530902	2417300.048822	113.623950	1.650015
2434222.524755	4.672489	0.000000e+00	16501.457538	0.202387	0.548382	2450203.692122	105.636446	1.650031
2434222.525121	4.672485	0.000000e+00	16497.991647	0.204813	0.532040	2450327.432369	110.125725	1.650061
2434222.524914	4.672484	0.000000e+00	16621.473629	0.202965	0.507723	2417285.308767	114.300836	1.650162
2434222.524884	4.672486	0.000000e+00	16543.447367	0.203723	0.567438	2417302.918214	111.190799	1.650193
2434222.524985	4.672488	0.000000e+00	16546.245591	0.207233	0.533185	2450239.564947	107.907997	1.650252
2434222.524917	4.672486	0.000000e+00	16534.862875	0.206826	0.505317	2450305.213746	108.171270	1.650313
2434222.524986	4.672484	0.000000e+00	16607.268038	0.205725	0.540241	2433977.808315	116.892250	1.650356
2434222.524801	4.672487	0.000000e+00	16531.225955	0.203187	0.574583	2450232.609560	105.940491	1.650407
2434222.524559	4.672486	0.000000e+00	16555.235207	0.202921	0.531368	2433797.444363	110.422911	1.650449
2434222.524986	4.672489	0.000000e+00	16477.022184	0.202873	0.575868	2450140.001398	103.503532	1.650457
2434222.525117	4.672484	0.000000e+00	16553.031837	0.203869	0.500760	2433981.486295	116.126091	1.650510
2434222.525006	4.672487	0.000000e+00	16547.995481	0.204827	0.568770	2433920.403583	114.519072	1.650555
2434222.525054	4.672487	0.000000e+00	16554.856297	0.207146	0.514120	2433729.953729	106.197385	1.650595
2434222.525105	4.672487	0.000000e+00	16528.692422	0.200272	0.566104	2450405.577034	110.665965	1.650600
2434222.524870	4.672485	0.000000e+00	16580.438586	0.201698	0.527167	2433766.611426	110.327686	1.650619
2434222.525121	4.672487	0.000000e+00	16563.345265	0.199029	0.565926	2417347.476424	115.158446	1.650632
2434222.524738	4.672488	0.000000e+00	16561.675882	0.201040	0.558749	2417264.280268	112.140868	1.650652
2434222.525079	4.672488	0.000000e+00	16563.349024	0.198324	0.548064	2433906.703143	113.392762	1.650657
2434222.524985	4.672488	0.000000e+00	16540.549131	0.201173	0.528722	2433705.588608	104.178671	1.650665
2434222.525133	4.672487	0.000000e+00	16562.157037	0.203086	0.490582	2417130.201260	106.708638	1.650695
2434222.525129	4.672485	0.000000e+00	16626.657841	0.200034	0.499912	2417195.646041	111.013692	1.650708
2434222.524861	4.672487	0.000000e+00	16517.754621	0.207835	0.546024	2433841.275763	111.989539	1.650756
2434222.525041	4.672486	0.000000e+00	16636.081644	0.201049	0.567604	2433846.776847	113.208494	1.650837
2434222.525127	4.672486	0.000000e+00	16531.612081	0.202685	0.529661	2433974.729583	117.328016	1.650847
2434222.524826	4.672487	0.000000e+00	16582.027661	0.203187	0.530428	2450531.431073	114.933040	1.650849
2434222.524995	4.672487	0.000000e+00	16610.492077	0.200426	0.524544	2417227.691455	113.690700	1.650856
2434222.524746	4.672488	0.000000e+00	16502.381847	0.201583	0.565177	2417200.202032	105.874242	1.650880
2434222.524969	4.672488	0.000000e+00	16477.851142	0.208418	0.553394	2433698.889236	106.378448	1.650911
2434222.525021	4.672487	0.000000e+00	16492.980983	0.209226	0.532245	2433746.832573	108.821466	1.650929
2434222.525127	4.672488	0.000000e+00	16600.634867	0.200701	0.581040	2450408.791084	111.487953	1.650962
2434222.525039	4.672489	0.000000e+00	16542.721360	0.203651	0.525420	2417154.990009	106.189911	1.650976
2434222.525105	4.672487	0.000000e+00	16630.745422	0.205317	0.555911	2417180.212359	110.563728	1.650996
2434222.524990	4.672489	0.000000e+00	16543.726939	0.197698	0.570634	2417148.493840	105.557785	1.651048
2434222.524909	4.672485	0.000000e+00	16565.792189	0.203079	0.525860	2433781.517470	108.405804	1.651101
2434222.524992	4.672488	0.000000e+00	16574.114874	0.204184	0.554952	2433586.779946	103.919857	1.651103
2434222.524530	4.672487	0.000000e+00	16598.604689	0.202121	0.533577	2450409.181648	111.246352	1.651112
2434222.525073	4.672486	0.000000e+00	16530.249809	0.205999	0.548555	2450319.722267	107.229820	1.651139
2434222.525081	4.672486	0.000000e+00	16568.032248	0.206828	0.510526	2417390.471623	115.654324	1.651229
2434222.525020	4.672487	0.000000e+00	16462.939143	0.205153	0.541443	2433709.635279	104.857920	1.651255
2434222.524894	4.672485	0.000000e+00	16514.743663	0.204149	0.515216	2450379.832545	111.655305	1.651296
2434222.525029	4.672484	0.000000e+00	16607.376017	0.205419	0.518155	2417267.310216	112.225808	1.651308
2434222.524612	4.672488	0.000000e+00	16540.380161	0.200471	0.552149	2450364.885448	110.282090	1.651337
2434222.525044	4.672489	0.000000e+00	16488.665683	0.205706	0.537310	2417155.703136	104.510479	1.651359
2434222.525096	4.672489	0.000000e+00	16554.813508	0.198732	0.568971	2450155.712103	102.832106	1.651444
2434222.524866	4.672487	0.000000e+00	16486.010765	0.201375	0.547644	2450310.758236	109.206920	1.651462
2434222.525103	4.672486	0.000000e+00	16653.506518	0.200764	0.556527	2450524.233835	112.690924	1.651483
2434222.524751	4.672488	0.000000e+00	16548.686578	0.197987	0.549193	2417163.818826	106.301662	1.651485
2434222.525037	4.672488	0.000000e+00	16581.477906	0.205016	0.538211	2433857.728980	114.529561	1.651490
2434222.524933	4.672487	0.000000e+00	16642.301519	0.202481	0.517300	2433748.894773	109.535093	1.651516
2434222.525080	4.672489	0.000000e+00	16554.022828	0.197670	0.544890	2450368.387548	110.862417	1.651548
2434222.525001	4.672485	0.000000e+00	16588.855657	0.198503	0.537605	2417232.543776	109.924282	1.651573
2434222.524957	4.672485	0.000000e+00	16655.361075	0.203747	0.537697	2417223.189491	115.608816	1.651596
2434222.525116	4.672488	0.000000e+00	16522.712906	0.204437	0.569982	2450229.222770	108.912456	1.651603
2434222.525085	4.672487	0.000000e+00	16526.767966	0.203655	0.585637	2450347.760014	110.722711	1.651658
2434222.524991	4.672485	0.000000e+00	16585.672429	0.200479	0.504959	2450494.275409	114.676292	1.651666
2434222.524940	4.672485	0.000000e+00	16571.917196	0.204783	0.559557	2433853.868977	112.683289	1.651683
2434222.525042	4.672487	0.000000e+00	16611.295535	0.199748	0.572919	2433737.982588	107.520685	1.651684
2434222.524883	4.672487	0.000000e+00	16637.001593	0.203492	0.525193	2433789.443435	109.881414	1.651695
2434222.524976	4.672487	0.000000e+00	16509.507024	0.203460	0.542596	2450199.997711	102.953634	1.651836
2434222.525004	4.672485	0.000000e+00	16544.785311	0.203088	0.552220	2433989.885660	116.351297	1.651858
2434222.524853	4.672484	0.000000e+00	16585.959775	0.204589	0.506194	2433911.664109	113.947748	1.651877
2434222.525054	4.672486	0.000000e+00	16559.524526	0.201430	0.519399	2433589.800857	102.487470	1.651884
2434222.525133	4.672486	0.000000e+00	16645.905428	0.197393	0.531397	2433936.980773	115.603872	1.651899
2434222.524581	4.672486	0.000000e+00	16546.069578	0.205569	0.542762	2450385.182641	110.432299	1.651923
2434222.525005	4.672485	0.000000e+00	16542.977893	0.208676	0.512635	2450262.216292	108.033420	1.651925
2434222.525085	4.672487	0.000000e+00	16605.671144	0.202739	0.578579	2450285.373983	105.578366	1.651926
2434222.524959	4.672486	0.000000e+00	16632.567918	0.200145	0.557488	2450429.023852	110.241213	1.651930
2434222.525015	4.672486	0.000000e+00	16621.278581	0.206951	0.558671	2417205.428139	110.940776	1.651932
2434222.525077	4.672487	0.000000e+00	16496.425495	0.207787	0.520790	2450255.930712	110.023700	1.651960
2434222.524903	4.672486	0.000000e+00	16551.967262	0.201325	0.508367	2433958.188280	116.171356	1.651973
2434222.524837	4.672488	0.000000e+00	16603.864200	0.201317	0.551713	2433695.768810	108.211215	1.652005
2434222.525022	4.672487	0.000000e+00	16585.858931	0.200510	0.536242	2450376.322066	112.471310	1.652017
2434222.525008	4.672486	0.000000e+00	16625.567411	0.199746	0.545563	2433869.863617	111.288935	1.652029
2434222.525070	4.672489	0.000000e+00	16497.678029	0.202906	0.541653	2417276.549271	107.830007	1.652117
2434222.525076	4.672487	0.000000e+00	16570.557090	0.198935	0.544643	2417413.284051	115.789714	1.652120
2434222.524877	4.672489	0.000000e+00	16473.901006	0.203983	0.571441	2417161.641009	101.863161	1.652143
2434222.525073	4.672486	0.000000e+00	16557.794988	0.206029	0.498706	2433779.913130	107.641575	1.652161
2434222.524888	4.672489	0.000000e+00	16603.054934	0.199130	0.550055	2450363.666868	109.204504	1.652195
2434222.524889	4.672487	0.000000e+00	16492.489984	0.207701	0.529607	2450300.223979	108.787412	1.652200
2434222.525036	4.672488	0.000000e+00	16542.008929	0.197801	0.531072	2433612.508553	103.178127	1.652215
2434222.524569	4.672487	0.000000e+00	16535.905945	0.202086	0.535528	2417356.199987	112.041121	1.652249
2434222.524850	4.672488	0.000000e+00	16572.345445	0.205954	0.519956	2433733.127505	109.354003	1.652271
2434222.525009	4.672486	0.000000e+00	16632.367422	0.204881	0.527455	2417190.740963	110.200539	1.652296
2434222.524957	4.672486	0.000000e+00	16521.502113	0.207198	0.530992	2433848.916138	113.786907	1.652317
2434222.524781	4.672486	0.000000e+00	16550.087051	0.200126	0.544142	2450365.653614	108.461730	1.652321
2434222.524766	4.672485	0.000000e+00	16582.774155	0.203589	0.526577	2450322.890267	108.947547	1.652350
2434222.525101	4.672486	0.000000e+00	16533.510258	0.204661	0.570129	2450500.147886	116.853732	1.652382
2434222.524693	4.672489	0.000000e+00	16555.571326	0.199828	0.546525	2450365.224211	110.648305	1.652384
2434222.524840	4.672486	0.000000e+00	16516.322997	0.205388	0.547957	2450303.741687	107.204580	1.652409
2434222.525103	4.672486	0.000000e+00	16558.776859	0.204188	0.524556	2450128.820095	103.327216	1.652419
2434222.524976	4.672486	0.000000e+00	16587.038778	0.198860	0.560146	2417327.739162	112.909187	1.652422
2434222.524985	4.672487	0.000000e+00	16619.366017	0.203504	0.507239	2417136.192039	109.749902	1.652445
2434222.525069	4.672485	0.000000e+00	16551.476158	0.201244	0.497605	2417128.331835	105.302239	1.652459
2434222.524903	4.672486	0.000000e+00	16573.807046	0.202811	0.498798	2450435.133136	110.575293	1.652494
2434222.524800	4.672486	0.000000e+00	16492.464268	0.204213	0.546161	2450259.426823	106.680033	1.652516
2434222.525116	4.672487	0.000000e+00	16468.148478	0.204554	0.573747	2450249.670713	107.976097	1.652524
2434222.524756	4.672488	0.000000e+00	16539.695746	0.207176	0.540573	2417101.301771	103.520853	1.652528
2434222.524942	4.672486	0.000000e+00	16580.575057	0.200133	0.535052	2450259.916641	104.465146	1.652573
2434222.524826	4.672487	0.000000e+00	16530.159854	0.198419	0.513093	2417332.543988	111.183979	1.652619
2434222.524548	4.672488	0.000000e+00	16537.661194	0.206025	0.552609	2417298.447756	111.682587	1.652649
2434222.524819	4.672487	0.000000e+00	16557.310352	0.202366	0.507030	2417288.814693	110.574286	1.652660
2434222.524973	4.672484	0.000000e+00	16637.358199	0.202766	0.523107	2450438.600245	112.172652	1.652691
2434222.525039	4.672486	0.000000e+00	16535.279783	0.203513	0.505906	2433985.237125	116.872582	1.652693
2434222.524822	4.672487	0.000000e+00	16527.340058	0.204278	0.505387	2433876.276588	111.492779	1.652725
2434222.525080	4.672487	0.000000e+00	16559.396676	0.196412	0.550268	2433876.971613	113.522789	1.652726
2434222.524817	4.672486	0.000000e+00	16642.091225	0.202007	0.506497	2417202.860148	112.589591	1.652767
2434222.524533	4.672487	0.000000e+00	16520.747868	0.199740	0.536410	2433752.617459	106.663383	1.652773
2434222.524992	4.672486	0.000000e+00	16636.862333	0.205379	0.558508	2417112.857906	108.406802	1.652788
2434222.524743	4.672487	0.000000e+00	16599.959959	0.204372	0.542367	2417309.589299	114.549054	1.652873
2434222.524908	4.672485	0.000000e+00	16507.647186	0.204117	0.526857	2450308.564189	110.170291	1.652928
2434222.525131	4.672487	0.000000e+00	16546.137401	0.197633	0.562877	2417162.022684	107.215138	1.652935
2434222.524990	4.672486	0.000000e+00	16500.915598	0.200553	0.509505	2417178.412939	105.001950	1.652960
2434222.524893	4.672488	0.000000e+00	16577.971041	0.204856	0.527578	2433712.499426	108.655009	1.652967
2434222.524771	4.672486	0.000000e+00	16582.449451	0.205358	0.531294	2417126.016526	105.708101	1.652971
2434222.524974	4.672487	0.000000e+00	16491.838358	0.203409	0.531091	2417440.746215	114.850444	1.652986
2434222.524575	4.672487	0.000000e+00	16505.088472	0.200285	0.543924	2417293.377271	108.285914	1.652987
2434222.525108	4.672488	0.000000e+00	16574.571288	0.209283	0.584367	2450288.928306	108.094653	1.653014
2434222.525134	4.672485	0.000000e+00	16564.435583	0.198584	0.523104	2450349.935306	108.440410	1.653014
2434222.524971	4.672489	0.000000e+00	16474.957302	0.204608	0.587101	2417193.025166	104.670545	1.653056
2434222.524771	4.672486	0.000000e+00	16610.105972	0.203025	0.572883	2433882.449682	113.684483	1.653070
2434222.524857	4.672487	0.000000e+00	16644.018284	0.198748	0.546700	2417180.335900	111.927884	1.653076
2434222.524882	4.672486	0.000000e+00	16543.156141	0.206378	0.512921	2433576.832676	102.099848	1.653091
2434222.524933	4.672488	0.000000e+00	16533.475989	0.204559	0.515203	2450296.363123	106.520143	1.653104
2434222.524830	4.672485	0.000000e+00	16617.971740	0.205536	0.526695	2417399.146129	119.706412	1.653107
2434222.524989	4.672489	0.000000e+00	16570.676225	0.200714	0.564864	2417166.935370	109.980828	1.653112
2434222.524581	4.672488	0.000000e+00	16562.967890	0.200097	0.530941	2450274.827963	107.948246	1.653118
2434222.524862	4.672485	0.000000e+00	16627.423504	0.206793	0.509012	2450396.307924	109.171068	1.653137
2434222.524705	4.672485	0.000000e+00	16579.996575	0.208008	0.524240	2417229.204194	112.250528	1.653146
2434222.524482	4.672487	0.000000e+00	16576.586813	0.205867	0.555554	2433815.672793	112.257643	1.653149
2434222.524931	4.672485	0.000000e+00	16617.866258	0.205572	0.541730	2417104.545709	107.306322	1.653150
2434222.525096	4.672488	0.000000e+00	16558.471226	0.200822	0.499738	2450442.155027	112.543523	1.653176
