-3690.000000	0.204684	0.440354	2416981.490000	3.000000	0.235669	0.440354
-2272.000000	-0.201369	-0.135605	2423606.500000	3.000000	0.065764	-0.135605
-2088.000000	-0.205076	-0.103134	2424466.270000	3.000000	0.101942	-0.103134
-1741.000000	-0.187006	-0.144975	2426087.581000	1.000000	0.042031	-0.144975
-1328.000000	-0.125646	-0.050929	2428017.412000	1.000000	0.074717	-0.050929
-861.000000	-0.006021	-0.072158	2430199.442000	1.000000	-0.066136	-0.072158
-797.000000	0.014367	-0.021299	2430498.532000	1.000000	-0.035666	-0.021299
-457.000000	0.133742	0.130267	2432087.329000	1.000000	-0.003475	0.130267
-381.000000	0.160073	0.068288	2432442.376000	1.000000	-0.091785	0.068288
-375.000000	0.162055	-0.055632	2432470.287000	1.000000	-0.217686	-0.055632
-298.000000	0.185204	0.181902	2432830.306000	1.000000	-0.003302	0.181902
-222.000000	0.201048	0.101923	2433185.335000	1.000000	-0.099125	0.101923
-88.000000	0.195851	0.168722	2433811.515000	1.000000	-0.027129	0.168722
-82.000000	0.194365	0.130803	2433839.512000	3.000000	-0.063562	0.130803
-66.000000	0.189896	0.156018	2433914.297000	1.000000	-0.033879	0.156018
-15.000000	0.171325	0.054202	2434152.492000	1.000000	-0.117122	0.054202
0.000000	0.164843	0.113904	2434222.639000	3.000000	-0.050939	0.113904
92.000000	0.119575	0.094139	2434652.488000	3.000000	-0.025436	0.094139
162.000000	0.083241	0.088079	2434979.556000	3.000000	0.004838	0.088079
181.000000	0.073537	-0.027166	2435068.218000	1.000000	-0.100703	-0.027166
232.000000	0.048181	-0.096981	2435306.445000	1.000000	-0.145162	-0.096981
239.000000	0.044793	0.051613	2435339.301000	3.000000	0.006820	0.051613
372.000000	-0.014628	-0.153101	2435960.537000	1.000000	-0.138473	-0.153101
458.000000	-0.047869	0.018054	2436362.542000	3.000000	0.065923	0.018054
553.000000	-0.080052	-0.066170	2436806.344000	1.000000	0.013882	-0.066170
617.000000	-0.099217	0.053689	2437105.503000	1.000000	0.152906	0.053689
781.000000	-0.139909	-0.290109	2437871.447000	1.000000	-0.150200	-0.290109
784.000000	-0.140548	-0.298568	2437885.456000	1.000000	-0.158021	-0.298568
788.000000	-0.141394	-0.052515	2437904.392000	1.000000	0.088879	-0.052515
794.000000	-0.142651	-0.143434	2437932.336000	1.000000	-0.000783	-0.143434
800.000000	-0.143894	-0.216354	2437960.298000	1.000000	-0.072460	-0.216354
839.000000	-0.151628	-0.165330	2438142.576000	1.000000	-0.013702	-0.165330
870.000000	-0.157358	-0.210414	2438287.378000	1.000000	-0.053056	-0.210414
883.000000	-0.159653	-0.062739	2438348.268000	1.000000	0.096914	-0.062739
922.000000	-0.166162	-0.033715	2438530.524000	1.000000	0.132447	-0.033715
928.000000	-0.167115	-0.139635	2438558.453000	1.000000	0.027480	-0.139635
940.000000	-0.168980	-0.229474	2438614.433000	1.000000	-0.060493	-0.229474
1010.000000	-0.178851	-0.257534	2438941.479000	1.000000	-0.078682	-0.257534
1035.000000	-0.181968	-0.207698	2439058.341000	1.000000	-0.025730	-0.207698
1062.000000	-0.185098	-0.038835	2439184.667000	1.000000	0.146262	-0.038835
1166.000000	-0.194937	-0.182439	2439670.462000	1.000000	0.012498	-0.182439
1169.000000	-0.195170	-0.214899	2439684.447000	1.000000	-0.019728	-0.214899
1175.000000	-0.195628	-0.298818	2439712.398000	1.000000	-0.103191	-0.298818
1218.000000	-0.198581	-0.240741	2439913.373000	1.000000	-0.042160	-0.240741
1230.000000	-0.199304	-0.117580	2439969.566000	1.000000	0.081725	-0.117580
1243.000000	-0.200039	0.042095	2440030.468000	1.000000	0.242134	0.042095
1319.000000	-0.203329	-0.039884	2440385.495000	1.000000	0.163444	-0.039884
1340.000000	-0.203940	-0.272102	2440483.385000	1.000000	-0.068162	-0.272102
1395.000000	-0.204943	-0.170864	2440740.473000	1.000000	0.034079	-0.170864
1459.000000	-0.205039	-0.119004	2441039.564000	1.000000	0.086034	-0.119004
1502.000000	-0.204468	-0.255927	2441240.344000	1.000000	-0.051459	-0.255927
1566.000000	-0.202692	-0.203068	2441539.436000	1.000000	-0.000376	-0.203068
1572.000000	-0.202469	-0.297987	2441567.376000	1.000000	-0.095518	-0.297987
1642.000000	-0.199167	-0.201047	2441894.547000	3.000000	-0.001880	-0.201047
1649.000000	-0.198766	-0.066453	2441927.389000	1.000000	0.132312	-0.066453
1697.000000	-0.195672	-0.196809	2442151.538000	1.000000	-0.001136	-0.196809
1728.000000	-0.193358	-0.172892	2442296.409000	3.000000	0.020465	-0.172892
1801.000000	-0.186936	-0.292412	2442637.381000	1.000000	-0.105476	-0.292412
1823.000000	-0.184735	-0.246117	2442740.222000	1.000000	-0.061381	-0.246117
1850.000000	-0.181867	-0.063254	2442866.562000	1.000000	0.118613	-0.063254
1869.000000	-0.179739	0.063501	2442955.466000	1.000000	0.243240	0.063501
1933.000000	-0.171905	0.120361	2443254.562000	1.000000	0.292266	0.120361
2129.000000	-0.141590	0.044992	2444170.294000	1.000000	0.186582	0.044992
2279.000000	-0.112006	-0.073993	2444871.048000	3.000000	0.038013	-0.073993
2435.000000	-0.075407	-0.037899	2445599.992000	3.000000	0.037509	-0.037899
2672.000000	-0.008593	-0.039216	2446707.370000	3.000000	-0.030623	-0.039216
2746.000000	0.014928	-0.009222	2447053.164000	3.000000	-0.024150	-0.009222
3359.000000	0.204781	0.292509	2449917.700000	5.000000	0.087728	0.292509
3446.000000	0.197510	0.182177	2450324.096000	3.000000	-0.015332	0.182177
3452.000000	0.196154	0.184258	2450352.133000	3.000000	-0.011896	0.184258
3457.000000	0.194942	0.175825	2450375.487000	3.000000	-0.019117	0.175825
3519.000000	0.174325	0.199658	2450665.205000	3.000000	0.025332	0.199658
3606.000000	0.133616	0.154026	2451071.665700	5.000000	0.020410	0.154026
