2434991.236983	1.774741	1.839274e+00	26032.690926	0.064614	0.579718	2417986.472933	75.012991	0.000000	0.000000	0.223886
2434989.458881	1.774741	1.974471e+00	25745.527222	0.065551	0.537503	2418019.240337	70.834393	0.000000	0.000000	0.215403
2434991.235145	1.774741	1.011742e+00	25522.604626	0.065988	0.543565	2418017.995870	64.400268	0.000000	0.000000	0.230581
2434989.460597	1.774742	1.114622e+00	25731.988565	0.062361	0.572576	2417993.183280	69.171114	0.000000	0.000000	0.235724
2434991.237955	1.774741	1.305434e+00	26065.817442	0.062775	0.578988	2418017.638181	75.025760	0.000000	0.000000	0.224479
2434991.232697	1.774741	1.732724e+00	25844.994543	0.064911	0.520079	2418107.700316	77.963684	0.000000	0.000000	0.194642
2434989.463872	1.774740	1.513958e+00	25845.464935	0.064071	0.566596	2418029.765242	70.637227	0.000000	0.000000	0.225568
2434991.240347	1.774740	1.217220e+00	26152.941781	0.063626	0.585583	2417968.302081	72.889993	0.000000	0.000000	0.238996
2434991.235121	1.774741	1.583641e+00	26161.990157	0.065604	0.554172	2417976.409253	77.488658	0.000000	0.000000	0.234132
2434991.241309	1.774740	1.357165e+00	25899.302755	0.063430	0.568744	2418073.236260	69.886077	0.000000	0.000000	0.143771
2434991.239864	1.774740	1.861181e+00	25821.914861	0.064486	0.582120	2417993.816456	71.003671	0.000000	0.000000	0.232033
2434989.460428	1.774741	1.346853e+00	25490.569373	0.063627	0.588754	2418095.110013	65.473695	0.000000	0.000000	0.233725
2434991.234602	1.774741	1.956270e+00	25984.231928	0.066783	0.554712	2418060.461780	74.952439	0.000000	0.000000	0.232034
2434989.459659	1.774741	1.797415e+00	25967.958563	0.064657	0.511991	2417998.314088	76.155676	0.000000	0.000000	0.231850
2434989.461794	1.774741	1.818131e+00	25759.776974	0.065985	0.527215	2418009.255043	72.678621	0.000000	0.000000	0.232295
2434989.459347	1.774741	1.473059e+00	25757.673811	0.062962	0.544165	2418019.548378	73.889196	0.000000	0.000000	0.235410
2434989.460670	1.774741	1.350993e+00	25664.132242	0.064133	0.511496	2418087.659422	70.485254	0.000000	0.000000	0.231423
2434989.462449	1.774740	2.290470e+00	25776.003439	0.066845	0.527810	2418022.593668	71.041680	0.000000	0.000000	0.233832
2434989.458983	1.774740	2.776100e+00	25874.952716	0.064758	0.546708	2418107.048203	77.486120	0.000000	0.000000	0.234626
2434989.461489	1.774740	2.328745e+00	26039.028882	0.066358	0.542714	2418086.475775	79.591545	0.000000	0.000000	0.230960
2434989.462389	1.774741	8.710788e-01	25824.568908	0.063635	0.542429	2418003.411575	69.183119	0.000000	0.000000	0.232388
2434991.235289	1.774741	1.514692e+00	25518.261241	0.066951	0.544445	2418052.555686	66.776103	0.000000	0.000000	0.235902
2434991.236135	1.774741	1.905998e+00	25945.707804	0.062621	0.550807	2418004.135302	76.765382	0.000000	0.000000	0.231617
2434989.460696	1.774741	1.844742e+00	25727.129329	0.064864	0.541417	2418105.223797	74.851143	0.000000	0.000000	0.234347
2434989.461385	1.774740	2.878571e+00	25939.870419	0.065590	0.562532	2417975.856953	74.852295	0.000000	0.000000	0.223707
2434991.238918	1.774741	1.667143e+00	25687.498267	0.063063	0.578843	2418109.056796	73.720262	0.000000	0.000000	0.239423
2434989.464441	1.774741	1.327502e+00	26047.548117	0.063374	0.553729	2418077.722144	76.970009	0.000000	0.000000	0.239500
2434989.461349	1.774741	8.250924e-01	25617.354278	0.064310	0.556786	2418064.860854	66.421522	0.000000	0.000000	0.229263
2434991.232497	1.774741	1.963996e+00	25918.906134	0.065041	0.536348	2418032.047523	78.111182	0.000000	0.000000	0.241277
2434989.462270	1.774741	1.583787e+00	25671.933347	0.063404	0.578462	2418030.227525	71.235830	0.000000	0.000000	0.232831
2434991.231113	1.774741	1.879161e+00	25744.813518	0.065255	0.493056	2418087.648906	75.746669	0.000000	0.000000	0.238103
2434989.461444	1.774741	1.176329e+00	25499.470594	0.064340	0.569158	2418057.160725	64.805927	0.000000	0.000000	0.232386
2434989.463664	1.774741	1.199070e+00	25480.873091	0.062555	0.605502	2418041.507937	62.521626	0.000000	0.000000	0.237411
2434989.461222	1.774741	8.170518e-01	25463.535102	0.064461	0.567244	2418078.002434	64.842478	0.000000	0.000000	0.225223
2434989.457710	1.774741	2.183361e+00	25936.666849	0.065146	0.518812	2418021.747322	77.285945	0.000000	0.000000	0.236022
2434991.232447	1.774740	2.806285e+00	25868.984418	0.066240	0.486946	2418012.604112	77.589135	0.000000	0.000000	0.238795
2434989.461085	1.774741	1.619228e+00	25526.984022	0.065639	0.571697	2418000.827948	65.223211	0.000000	0.000000	0.233922
2434989.464365	1.774740	2.631866e+00	25963.387412	0.066190	0.561531	2418091.612418	76.036916	0.000000	0.000000	0.230101
2434991.236689	1.774742	8.743925e-01	25702.112802	0.063037	0.590610	2418027.827684	70.410504	0.000000	0.000000	0.234206
2434991.237234	1.774740	1.985660e+00	25663.912994	0.064718	0.504551	2418026.691508	70.336665	0.000000	0.000000	0.235961
2434989.463339	1.774741	1.157405e+00	25792.929688	0.060756	0.613032	2418061.553467	70.687410	0.000000	0.000000	0.241681
2434991.238213	1.774741	8.890442e-01	25505.090733	0.063550	0.579486	2417960.442646	64.599861	0.000000	0.000000	0.231549
2434991.240050	1.774740	2.005719e+00	25913.871089	0.064484	0.562477	2418093.584892	73.260790	0.000000	0.000000	0.236338
2434989.460633	1.774741	2.387957e+00	25849.149812	0.066940	0.579335	2418073.215319	75.161501	0.000000	0.000000	0.239142
2434991.235166	1.774741	1.853658e+00	25879.733507	0.062250	0.522467	2418109.868656	77.720706	0.000000	0.000000	0.235182
2434991.236101	1.774740	2.363411e+00	25632.303865	0.064896	0.544041	2417954.339880	67.408298	0.000000	0.000000	0.237377
2434989.459032	1.774740	3.004344e+00	25948.394215	0.066151	0.545548	2418002.230995	76.627749	0.000000	0.000000	0.229038
2434989.462200	1.774740	2.465477e+00	26078.446456	0.064511	0.563449	2418081.709832	80.886123	0.000000	0.000000	0.226026
2434989.463962	1.774740	1.305281e+00	25823.636911	0.064904	0.537764	2418001.379613	72.606384	0.000000	0.000000	0.235408
2434991.234919	1.774740	2.590106e+00	26004.496156	0.065656	0.511660	2417969.086023	79.820143	0.000000	0.000000	0.238323
2434991.237094	1.774741	1.231707e+00	26028.686814	0.061871	0.613031	2418018.088348	75.365440	0.000000	0.000000	0.238296
2434989.461679	1.774741	9.321238e-01	25958.874983	0.062599	0.582660	2418016.128048	70.839057	0.000000	0.000000	0.237294
2434989.458062	1.774740	2.994648e+00	26050.440606	0.067487	0.506082	2418047.743249	81.085947	0.000000	0.000000	0.234821
2434989.464519	1.774741	9.453848e-01	25981.006342	0.063932	0.623968	2418008.952145	72.754652	0.000000	0.000000	0.234732
2434989.464110	1.774741	8.349088e-01	26039.364277	0.062363	0.565672	2418031.606316	74.029868	0.000000	0.000000	0.231868
2434989.461150	1.774741	2.009047e+00	25530.487728	0.063534	0.559924	2418012.259166	68.814787	0.000000	0.000000	0.240301
2434991.236015	1.774741	1.513261e+00	26010.708284	0.063798	0.612012	2417987.564985	73.980337	0.000000	0.000000	0.235881
2434989.465366	1.774740	2.063080e+00	25881.069636	0.064627	0.607141	2418052.822911	70.549145	0.000000	0.000000	0.239951
2434991.237878	1.774741	9.284075e-01	25624.051402	0.063632	0.535985	2418096.889677	67.780772	0.000000	0.000000	0.231721
2434991.236613	1.774740	2.881414e+00	26062.656995	0.067258	0.578936	2418020.362974	76.617098	0.000000	0.000000	0.234785
2434989.461277	1.774740	2.436283e+00	25931.643689	0.063904	0.545248	2418107.690141	76.338885	0.000000	0.000000	0.230293
2434991.235297	1.774741	9.643448e-01	25497.370760	0.064195	0.556981	2418103.355950	67.714193	0.000000	0.000000	0.228340
2434989.466278	1.774741	8.881726e-01	26012.706548	0.062741	0.632753	2418088.760059	73.462993	0.000000	0.000000	0.227938
2434991.234701	1.774741	1.284453e+00	25957.964658	0.065441	0.559033	2418001.803716	73.085086	0.000000	0.000000	0.231859
2434989.462247	1.774741	7.962028e-01	25757.205123	0.063810	0.541414	2418013.911900	71.464871	0.000000	0.000000	0.231864
2434991.233621	1.774741	2.342982e+00	25511.329698	0.065073	0.531047	2418090.858660	71.125343	0.000000	0.000000	0.234816
2434991.235437	1.774741	1.401650e+00	25644.936661	0.065414	0.543671	2418080.466791	70.533492	0.000000	0.000000	0.228021
2434991.234305	1.774741	1.093887e+00	25605.508841	0.066855	0.529666	2418002.961129	66.701236	0.000000	0.000000	0.239097
2434991.235675	1.774740	2.183438e+00	25955.320447	0.064250	0.543375	2417971.885966	75.266578	0.000000	0.000000	0.229903
2434991.238100	1.774740	1.807565e+00	25896.616398	0.065466	0.601688	2418020.400442	70.719881	0.000000	0.000000	0.232987
