-10981.000000	0.036492	0.022220	0.014273
-10971.000000	0.036815	0.022179	0.014636
-10961.000000	0.037138	0.022139	0.014999
-10951.000000	0.037460	0.022098	0.015362
-10941.000000	0.037782	0.022058	0.015724
-10931.000000	0.038103	0.022018	0.016085
-10921.000000	0.038436	0.021977	0.016458
-10911.000000	0.038756	0.021937	0.016819
-10901.000000	0.039088	0.021897	0.017191
-10891.000000	0.039419	0.021857	0.017562
-10881.000000	0.039749	0.021817	0.017932
-10871.000000	0.040079	0.021777	0.018302
-10861.000000	0.040408	0.021737	0.018672
-10851.000000	0.040737	0.021697	0.019040
-10841.000000	0.041065	0.021657	0.019408
-10831.000000	0.041404	0.021617	0.019788
-10821.000000	0.041731	0.021577	0.020154
-10811.000000	0.042069	0.021537	0.020532
-10801.000000	0.042406	0.021497	0.020909
-10791.000000	0.042742	0.021457	0.021285
-10781.000000	0.043078	0.021418	0.021660
-10771.000000	0.043412	0.021378	0.022035
-10761.000000	0.043758	0.021338	0.022420
-10751.000000	0.044091	0.021298	0.022793
-10741.000000	0.044435	0.021259	0.023176
-10731.000000	0.044778	0.021219	0.023559
-10721.000000	0.045120	0.021180	0.023941
-10711.000000	0.045462	0.021140	0.024321
-10701.000000	0.045802	0.021101	0.024701
-10691.000000	0.046153	0.021061	0.025091
-10681.000000	0.046491	0.021022	0.025469
-10671.000000	0.046840	0.020983	0.025857
-10661.000000	0.047187	0.020943	0.026244
-10651.000000	0.047523	0.020904	0.026619
-10641.000000	0.047880	0.020865	0.027015
-10631.000000	0.048224	0.020826	0.027398
-10621.000000	0.048567	0.020787	0.027781
-10611.000000	0.048921	0.020747	0.028173
-10601.000000	0.049261	0.020708	0.028553
-10591.000000	0.049612	0.020669	0.028943
-10581.000000	0.049962	0.020630	0.029332
-10571.000000	0.050310	0.020591	0.029719
-10561.000000	0.050668	0.020552	0.030116
-10551.000000	0.051014	0.020513	0.030501
-10541.000000	0.051369	0.020475	0.030895
-10531.000000	0.051723	0.020436	0.031287
-10521.000000	0.052075	0.020397	0.031679
-10511.000000	0.052426	0.020358	0.032068
-10501.000000	0.052776	0.020319	0.032456
-10491.000000	0.053124	0.020281	0.032843
-10481.000000	0.053481	0.020242	0.033239
-10471.000000	0.053836	0.020204	0.033633
-10461.000000	0.054190	0.020165	0.034025
-10451.000000	0.054542	0.020126	0.034415
-10441.000000	0.054892	0.020088	0.034804
-10431.000000	0.055251	0.020049	0.035202
-10421.000000	0.055598	0.020011	0.035587
-10411.000000	0.055954	0.019973	0.035981
-10401.000000	0.056307	0.019934	0.036373
-10391.000000	0.056659	0.019896	0.036763
-10381.000000	0.057009	0.019858	0.037151
-10371.000000	0.057367	0.019819	0.037547
-10361.000000	0.057723	0.019781	0.037941
-10351.000000	0.058077	0.019743	0.038333
-10341.000000	0.058428	0.019705	0.038723
-10331.000000	0.058778	0.019667	0.039111
-10321.000000	0.059125	0.019629	0.039496
-10311.000000	0.059480	0.019591	0.039890
-10301.000000	0.059833	0.019553	0.040280
-10291.000000	0.060174	0.019515	0.040659
-10281.000000	0.060532	0.019477	0.041055
-10271.000000	0.060877	0.019439	0.041438
-10261.000000	0.061221	0.019401	0.041819
-10251.000000	0.061571	0.019363	0.042208
-10241.000000	0.061919	0.019326	0.042593
-10231.000000	0.062264	0.019288	0.042976
-10221.000000	0.062606	0.019250	0.043356
-10211.000000	0.062955	0.019213	0.043743
-10201.000000	0.063293	0.019175	0.044118
-10191.000000	0.063636	0.019137	0.044499
-10181.000000	0.063977	0.019100	0.044877
-10171.000000	0.064315	0.019062	0.045252
-10161.000000	0.064658	0.019025	0.045633
-10151.000000	0.064990	0.018988	0.046003
-10141.000000	0.065328	0.018950	0.046378
-10131.000000	0.065662	0.018913	0.046749
-10121.000000	0.065994	0.018875	0.047118
-10111.000000	0.066330	0.018838	0.047492
-10101.000000	0.066655	0.018801	0.047854
-10091.000000	0.066985	0.018764	0.048221
-10081.000000	0.067312	0.018727	0.048585
-10071.000000	0.067635	0.018689	0.048946
-10061.000000	0.067955	0.018652	0.049302
-10051.000000	0.068279	0.018615	0.049664
-10041.000000	0.068592	0.018578	0.050014
-10031.000000	0.068909	0.018541	0.050368
-10021.000000	0.069222	0.018504	0.050718
-10011.000000	0.069532	0.018467	0.051064
-10001.000000	0.069845	0.018431	0.051415
-9991.000000	0.070147	0.018394	0.051753
-9981.000000	0.070452	0.018357	0.052096
-9971.000000	0.070754	0.018320	0.052434
-9961.000000	0.071051	0.018283	0.052768
-9951.000000	0.071345	0.018247	0.053098
-9941.000000	0.071641	0.018210	0.053431
-9931.000000	0.071933	0.018173	0.053760
-9921.000000	0.072214	0.018137	0.054077
-9911.000000	0.072497	0.018100	0.054397
-9901.000000	0.072776	0.018064	0.054713
-9891.000000	0.073058	0.018027	0.055030
-9881.000000	0.073328	0.017991	0.055337
-9871.000000	0.073600	0.017954	0.055645
-9861.000000	0.073867	0.017918	0.055949
-9851.000000	0.074124	0.017882	0.056242
-9841.000000	0.074382	0.017846	0.056536
-9831.000000	0.074641	0.017809	0.056832
-9821.000000	0.074889	0.017773	0.057116
-9811.000000	0.075133	0.017737	0.057396
-9801.000000	0.075377	0.017701	0.057677
-9791.000000	0.075617	0.017665	0.057952
-9781.000000	0.075851	0.017629	0.058222
-9771.000000	0.076080	0.017593	0.058488
-9761.000000	0.076304	0.017557	0.058748
-9751.000000	0.076523	0.017521	0.059003
-9741.000000	0.076737	0.017485	0.059252
-9731.000000	0.076945	0.017449	0.059497
-9721.000000	0.077154	0.017413	0.059741
-9711.000000	0.077356	0.017377	0.059979
-9701.000000	0.077549	0.017341	0.060208
-9691.000000	0.077741	0.017306	0.060435
-9681.000000	0.077927	0.017270	0.060657
-9671.000000	0.078108	0.017234	0.060874
-9661.000000	0.078283	0.017199	0.061085
-9651.000000	0.078453	0.017163	0.061290
-9641.000000	0.078617	0.017128	0.061489
-9631.000000	0.078775	0.017092	0.061683
-9621.000000	0.078928	0.017057	0.061872
-9611.000000	0.079075	0.017021	0.062054
-9601.000000	0.079220	0.016986	0.062235
-9591.000000	0.079356	0.016950	0.062406
-9581.000000	0.079486	0.016915	0.062571
-9571.000000	0.079614	0.016880	0.062734
-9561.000000	0.079732	0.016844	0.062888
-9551.000000	0.079845	0.016809	0.063035
-9541.000000	0.079954	0.016774	0.063180
-9531.000000	0.080055	0.016739	0.063317
-9521.000000	0.080151	0.016704	0.063447
-9511.000000	0.080243	0.016669	0.063574
-9501.000000	0.080326	0.016634	0.063693
-9491.000000	0.080404	0.016599	0.063805
-9481.000000	0.080476	0.016564	0.063912
-9471.000000	0.080544	0.016529	0.064015
-9461.000000	0.080604	0.016494	0.064110
-9451.000000	0.080658	0.016459	0.064199
-9441.000000	0.080707	0.016424	0.064282
-9431.000000	0.080749	0.016390	0.064360
-9421.000000	0.080786	0.016355	0.064431
-9411.000000	0.080817	0.016320	0.064496
-9401.000000	0.080840	0.016285	0.064555
-9391.000000	0.080859	0.016251	0.064609
-9381.000000	0.080873	0.016216	0.064656
-9371.000000	0.080879	0.016182	0.064697
-9361.000000	0.080880	0.016147	0.064733
-9351.000000	0.080876	0.016113	0.064763
-9341.000000	0.080865	0.016078	0.064787
-9331.000000	0.080849	0.016044	0.064805
-9321.000000	0.080827	0.016009	0.064817
-9311.000000	0.080799	0.015975	0.064824
-9301.000000	0.080766	0.015941	0.064825
-9291.000000	0.080727	0.015907	0.064820
-9281.000000	0.080682	0.015872	0.064810
-9271.000000	0.080632	0.015838	0.064794
-9261.000000	0.080577	0.015804	0.064773
-9251.000000	0.080516	0.015770	0.064746
-9241.000000	0.080449	0.015736	0.064714
-9231.000000	0.080379	0.015702	0.064677
-9221.000000	0.080301	0.015668	0.064634
-9211.000000	0.080220	0.015634	0.064586
-9201.000000	0.080132	0.015600	0.064532
-9191.000000	0.080040	0.015566	0.064474
-9181.000000	0.079943	0.015532	0.064411
-9171.000000	0.079842	0.015498	0.064344
-9161.000000	0.079735	0.015465	0.064270
-9151.000000	0.079624	0.015431	0.064193
-9141.000000	0.079506	0.015397	0.064109
-9131.000000	0.079385	0.015363	0.064022
-9121.000000	0.079260	0.015330	0.063930
-9111.000000	0.079131	0.015296	0.063835
-9101.000000	0.078995	0.015263	0.063733
-9091.000000	0.078857	0.015229	0.063628
-9081.000000	0.078714	0.015196	0.063519
-9071.000000	0.078567	0.015162	0.063405
-9061.000000	0.078415	0.015129	0.063286
-9051.000000	0.078258	0.015095	0.063162
-9041.000000	0.078099	0.015062	0.063037
-9031.000000	0.077936	0.015029	0.062907
-9021.000000	0.077768	0.014995	0.062773
-9011.000000	0.077596	0.014962	0.062634
-9001.000000	0.077420	0.014929	0.062491
-8991.000000	0.077243	0.014896	0.062347
-8981.000000	0.077057	0.014863	0.062195
-8971.000000	0.076872	0.014830	0.062042
-8961.000000	0.076681	0.014797	0.061885
-8951.000000	0.076487	0.014764	0.061724
-8941.000000	0.076293	0.014731	0.061562
-8931.000000	0.076094	0.014698	0.061396
-8921.000000	0.075888	0.014665	0.061223
-8911.000000	0.075681	0.014632	0.061049
-8901.000000	0.075475	0.014599	0.060876
-8891.000000	0.075261	0.014566	0.060695
-8881.000000	0.075047	0.014534	0.060514
-8871.000000	0.074825	0.014501	0.060325
-8861.000000	0.074604	0.014468	0.060136
-8851.000000	0.074384	0.014436	0.059949
-8841.000000	0.074156	0.014403	0.059753
-8831.000000	0.073929	0.014370	0.059558
-8821.000000	0.073693	0.014338	0.059355
-8811.000000	0.073459	0.014305	0.059154
-8801.000000	0.073222	0.014273	0.058949
-8791.000000	0.072986	0.014241	0.058745
-8781.000000	0.072741	0.014208	0.058533
-8771.000000	0.072499	0.014176	0.058323
-8761.000000	0.072248	0.014144	0.058105
-8751.000000	0.071999	0.014111	0.057888
-8741.000000	0.071753	0.014079	0.057674
-8731.000000	0.071498	0.014047	0.057451
-8721.000000	0.071245	0.014015	0.057231
-8711.000000	0.070984	0.013983	0.057001
-8701.000000	0.070725	0.013950	0.056775
-8691.000000	0.070464	0.013918	0.056545
-8681.000000	0.070199	0.013886	0.056313
-8671.000000	0.069938	0.013854	0.056084
-8661.000000	0.069668	0.013823	0.055845
-8651.000000	0.069401	0.013791	0.055610
-8641.000000	0.069131	0.013759	0.055373
-8631.000000	0.068859	0.013727	0.055132
-8621.000000	0.068591	0.013695	0.054895
-8611.000000	0.068313	0.013663	0.054649
-8601.000000	0.068039	0.013632	0.054407
-8591.000000	0.067756	0.013600	0.054156
-8581.000000	0.067477	0.013568	0.053909
-8571.000000	0.067196	0.013537	0.053659
-8561.000000	0.066919	0.013505	0.053414
-8551.000000	0.066632	0.013474	0.053159
-8541.000000	0.066351	0.013442	0.052909
-8531.000000	0.066060	0.013411	0.052649
-8521.000000	0.065773	0.013379	0.052394
-8511.000000	0.065484	0.013348	0.052136
-8501.000000	0.065193	0.013317	0.051877
-8491.000000	0.064907	0.013285	0.051622
-8481.000000	0.064612	0.013254	0.051358
-8471.000000	0.064322	0.013223	0.051099
-8461.000000	0.064029	0.013192	0.050838
-8451.000000	0.063735	0.013160	0.050575
-8441.000000	0.063438	0.013129	0.050309
-8431.000000	0.063140	0.013098	0.050041
-8421.000000	0.062839	0.013067	0.049772
-8411.000000	0.062544	0.013036	0.049508
-8401.000000	0.062239	0.013005	0.049234
-8391.000000	0.061940	0.012974	0.048966
-8381.000000	0.061640	0.012943	0.048696
-8371.000000	0.061337	0.012912	0.048425
-8361.000000	0.061033	0.012882	0.048151
-8351.000000	0.060735	0.012851	0.047884
-8341.000000	0.060426	0.012820	0.047606
-8331.000000	0.060125	0.012789	0.047336
-8321.000000	0.059821	0.012759	0.047063
-8311.000000	0.059516	0.012728	0.046788
-8301.000000	0.059210	0.012697	0.046512
-8291.000000	0.058901	0.012667	0.046234
-8281.000000	0.058591	0.012636	0.045955
-8271.000000	0.058279	0.012606	0.045673
-8261.000000	0.057974	0.012575	0.045399
-8251.000000	0.057668	0.012545	0.045123
-8241.000000	0.057351	0.012514	0.044837
-8231.000000	0.057042	0.012484	0.044558
-8221.000000	0.056731	0.012454	0.044277
-8211.000000	0.056418	0.012423	0.043995
-8201.000000	0.056113	0.012393	0.043720
-8191.000000	0.055798	0.012363	0.043435
-8181.000000	0.055490	0.012333	0.043157
-8171.000000	0.055172	0.012303	0.042869
-8161.000000	0.054861	0.012273	0.042589
-8151.000000	0.054549	0.012243	0.042307
-8141.000000	0.054236	0.012213	0.042024
-8131.000000	0.053921	0.012183	0.041739
-8121.000000	0.053606	0.012153	0.041453
-8111.000000	0.053288	0.012123	0.041166
-8101.000000	0.052979	0.012093	0.040886
-8091.000000	0.052659	0.012063	0.040596
-8081.000000	0.052348	0.012033	0.040315
-8071.000000	0.052035	0.012003	0.040032
-8061.000000	0.051721	0.011974	0.039748
-8051.000000	0.051406	0.011944	0.039462
-8041.000000	0.051090	0.011914	0.039176
-8031.000000	0.050773	0.011885	0.038888
-8021.000000	0.050454	0.011855	0.038599
-8011.000000	0.050134	0.011826	0.038309
-8001.000000	0.049824	0.011796	0.038027
-7991.000000	0.049502	0.011767	0.037735
-7981.000000	0.049189	0.011737	0.037451
-7971.000000	0.048875	0.011708	0.037167
-7961.000000	0.048559	0.011678	0.036881
-7951.000000	0.048243	0.011649	0.036594
-7941.000000	0.047926	0.011620	0.036306
-7931.000000	0.047608	0.011591	0.036018
-7921.000000	0.047289	0.011561	0.035728
-7911.000000	0.046979	0.011532	0.035447
-7901.000000	0.046658	0.011503	0.035155
-7891.000000	0.046347	0.011474	0.034873
-7881.000000	0.046024	0.011445	0.034579
-7871.000000	0.045711	0.011416	0.034295
-7861.000000	0.045396	0.011387	0.034009
-7851.000000	0.045081	0.011358	0.033723
-7841.000000	0.044765	0.011329	0.033436
-7831.000000	0.044448	0.011300	0.033148
-7821.000000	0.044131	0.011271	0.032859
-7811.000000	0.043812	0.011243	0.032570
-7801.000000	0.043493	0.011214	0.032279
-7791.000000	0.043183	0.011185	0.031998
-7781.000000	0.042862	0.011156	0.031706
-7771.000000	0.042551	0.011128	0.031424
-7761.000000	0.042240	0.011099	0.031141
-7751.000000	0.041916	0.011070	0.030846
-7741.000000	0.041603	0.011042	0.030561
-7731.000000	0.041289	0.011013	0.030276
-7721.000000	0.040975	0.010985	0.029990
-7711.000000	0.040659	0.010957	0.029703
-7701.000000	0.040343	0.010928	0.029415
-7691.000000	0.040038	0.010900	0.029138
-7681.000000	0.039720	0.010871	0.028849
-7671.000000	0.039402	0.010843	0.028559
-7661.000000	0.039095	0.010815	0.028280
-7651.000000	0.038775	0.010787	0.027989
-7641.000000	0.038467	0.010758	0.027708
-7631.000000	0.038157	0.010730	0.027427
-7621.000000	0.037847	0.010702	0.027145
-7611.000000	0.037525	0.010674	0.026851
-7601.000000	0.037214	0.010646	0.026568
-7591.000000	0.036902	0.010618	0.026284
-7581.000000	0.036590	0.010590	0.026000
-7571.000000	0.036289	0.010562	0.025726
-7561.000000	0.035975	0.010534	0.025441
-7551.000000	0.035661	0.010507	0.025155
-7541.000000	0.035347	0.010479	0.024868
-7531.000000	0.035043	0.010451	0.024592
-7521.000000	0.034728	0.010423	0.024304
-7511.000000	0.034423	0.010396	0.024028
-7501.000000	0.034107	0.010368	0.023739
-7491.000000	0.033801	0.010340	0.023461
-7481.000000	0.033495	0.010313	0.023182
-7471.000000	0.033189	0.010285	0.022904
-7461.000000	0.032882	0.010258	0.022624
-7451.000000	0.032575	0.010230	0.022344
-7441.000000	0.032267	0.010203	0.022064
-7431.000000	0.031959	0.010175	0.021783
-7421.000000	0.031650	0.010148	0.021502
-7411.000000	0.031341	0.010121	0.021221
-7401.000000	0.031032	0.010093	0.020939
-7391.000000	0.030734	0.010066	0.020668
-7381.000000	0.030424	0.010039	0.020385
-7371.000000	0.030125	0.010012	0.020113
-7361.000000	0.029814	0.009984	0.019829
-7351.000000	0.029514	0.009957	0.019557
-7341.000000	0.029203	0.009930	0.019272
-7331.000000	0.028902	0.009903	0.018999
-7321.000000	0.028602	0.009876	0.018726
-7311.000000	0.028301	0.009849	0.018452
-7301.000000	0.028000	0.009822	0.018178
-7291.000000	0.027686	0.009795	0.017891
-7281.000000	0.027385	0.009769	0.017616
-7271.000000	0.027095	0.009742	0.017353
-7261.000000	0.026792	0.009715	0.017077
-7251.000000	0.026489	0.009688	0.016801
-7241.000000	0.026186	0.009662	0.016525
-7231.000000	0.025883	0.009635	0.016248
-7221.000000	0.025592	0.009608	0.015983
-7211.000000	0.025288	0.009582	0.015706
-7201.000000	0.024984	0.009555	0.015429
-7191.000000	0.024692	0.009529	0.015163
-7181.000000	0.024399	0.009502	0.014897
-7171.000000	0.024094	0.009476	0.014619
-7161.000000	0.023801	0.009449	0.014352
-7151.000000	0.023508	0.009423	0.014085
-7141.000000	0.023203	0.009397	0.013806
-7131.000000	0.022909	0.009370	0.013539
-7121.000000	0.022615	0.009344	0.013271
-7111.000000	0.022321	0.009318	0.013003
-7101.000000	0.022027	0.009292	0.012735
-7091.000000	0.021732	0.009265	0.012467
-7081.000000	0.021438	0.009239	0.012199
-7071.000000	0.021143	0.009213	0.011930
-7061.000000	0.020848	0.009187	0.011661
-7051.000000	0.020553	0.009161	0.011392
-7041.000000	0.020270	0.009135	0.011135
-7031.000000	0.019975	0.009109	0.010865
-7021.000000	0.019679	0.009083	0.010596
-7011.000000	0.019396	0.009058	0.010338
-7001.000000	0.019100	0.009032	0.010068
-6991.000000	0.018816	0.009006	0.009810
-6981.000000	0.018520	0.008980	0.009540
-6971.000000	0.018236	0.008954	0.009281
-6961.000000	0.017952	0.008929	0.009023
-6951.000000	0.017655	0.008903	0.008752
-6941.000000	0.017371	0.008878	0.008493
-6931.000000	0.017087	0.008852	0.008235
-6921.000000	0.016802	0.008826	0.007976
-6911.000000	0.016505	0.008801	0.007704
-6901.000000	0.016220	0.008776	0.007445
-6891.000000	0.015936	0.008750	0.007186
-6881.000000	0.015651	0.008725	0.006926
-6871.000000	0.015366	0.008699	0.006666
-6861.000000	0.015081	0.008674	0.006407
-6851.000000	0.014808	0.008649	0.006159
-6841.000000	0.014523	0.008624	0.005899
-6831.000000	0.014238	0.008598	0.005639
-6821.000000	0.013953	0.008573	0.005379
-6811.000000	0.013667	0.008548	0.005119
-6801.000000	0.013394	0.008523	0.004871
-6791.000000	0.013109	0.008498	0.004611
-6781.000000	0.012836	0.008473	0.004363
-6771.000000	0.012551	0.008448	0.004102
-6761.000000	0.012277	0.008423	0.003854
-6751.000000	0.011992	0.008398	0.003594
-6741.000000	0.011719	0.008373	0.003346
-6731.000000	0.011433	0.008349	0.003085
-6721.000000	0.011160	0.008324	0.002836
-6711.000000	0.010887	0.008299	0.002588
-6701.000000	0.010602	0.008274	0.002327
-6691.000000	0.010328	0.008250	0.002079
-6681.000000	0.010055	0.008225	0.001830
-6671.000000	0.009782	0.008200	0.001582
-6661.000000	0.009509	0.008176	0.001333
-6651.000000	0.009236	0.008151	0.001085
-6641.000000	0.008963	0.008127	0.000836
-6631.000000	0.008690	0.008102	0.000588
-6621.000000	0.008417	0.008078	0.000339
-6611.000000	0.008144	0.008054	0.000090
-6601.000000	0.007871	0.008029	-0.000158
-6591.000000	0.007598	0.008005	-0.000407
-6581.000000	0.007325	0.007981	-0.000655
-6571.000000	0.007052	0.007956	-0.000904
-6561.000000	0.006792	0.007932	-0.001140
-6551.000000	0.006519	0.007908	-0.001389
-6541.000000	0.006247	0.007884	-0.001637
-6531.000000	0.005986	0.007860	-0.001873
-6521.000000	0.005714	0.007836	-0.002122
-6511.000000	0.005441	0.007812	-0.002370
-6501.000000	0.005181	0.007788	-0.002606
-6491.000000	0.004909	0.007764	-0.002855
-6481.000000	0.004649	0.007740	-0.003091
-6471.000000	0.004377	0.007716	-0.003339
-6461.000000	0.004117	0.007692	-0.003575
-6451.000000	0.003858	0.007668	-0.003811
-6441.000000	0.003586	0.007645	-0.004059
-6431.000000	0.003327	0.007621	-0.004294
-6421.000000	0.003067	0.007597	-0.004530
-6411.000000	0.002796	0.007574	-0.004778
-6401.000000	0.002537	0.007550	-0.005013
-6391.000000	0.002278	0.007526	-0.005249
-6381.000000	0.002019	0.007503	-0.005484
-6371.000000	0.001760	0.007479	-0.005719
-6361.000000	0.001501	0.007456	-0.005955
-6351.000000	0.001243	0.007433	-0.006190
-6341.000000	0.000984	0.007409	-0.006425
-6331.000000	0.000726	0.007386	-0.006660
-6321.000000	0.000468	0.007362	-0.006895
-6311.000000	0.000210	0.007339	-0.007130
-6301.000000	-0.000048	0.007316	-0.007364
-6291.000000	-0.000306	0.007293	-0.007599
-6281.000000	-0.000564	0.007270	-0.007833
-6271.000000	-0.000821	0.007246	-0.008068
-6261.000000	-0.001066	0.007223	-0.008290
-6251.000000	-0.001324	0.007200	-0.008524
-6241.000000	-0.001581	0.007177	-0.008758
-6231.000000	-0.001838	0.007154	-0.008992
-6221.000000	-0.002082	0.007131	-0.009213
-6211.000000	-0.002339	0.007108	-0.009447
-6201.000000	-0.002595	0.007086	-0.009681
-6191.000000	-0.002839	0.007063	-0.009902
-6181.000000	-0.003095	0.007040	-0.010135
-6171.000000	-0.003339	0.007017	-0.010356
-6161.000000	-0.003595	0.006994	-0.010589
-6151.000000	-0.003838	0.006972	-0.010810
-6141.000000	-0.004093	0.006949	-0.011043
-6131.000000	-0.004337	0.006926	-0.011263
-6121.000000	-0.004592	0.006904	-0.011496
-6111.000000	-0.004834	0.006881	-0.011716
-6101.000000	-0.005077	0.006859	-0.011936
-6091.000000	-0.005331	0.006836	-0.012168
-6081.000000	-0.005573	0.006814	-0.012387
-6071.000000	-0.005815	0.006792	-0.012607
-6061.000000	-0.006057	0.006769	-0.012826
-6051.000000	-0.006311	0.006747	-0.013058
-6041.000000	-0.006552	0.006725	-0.013277
-6031.000000	-0.006793	0.006702	-0.013496
-6021.000000	-0.007034	0.006680	-0.013714
-6011.000000	-0.007275	0.006658	-0.013933
-6001.000000	-0.007516	0.006636	-0.014151
-5991.000000	-0.007756	0.006614	-0.014370
-5981.000000	-0.007996	0.006592	-0.014588
-5971.000000	-0.008236	0.006570	-0.014806
-5961.000000	-0.008476	0.006548	-0.015023
-5951.000000	-0.008715	0.006526	-0.015241
-5941.000000	-0.008955	0.006504	-0.015458
-5931.000000	-0.009194	0.006482	-0.015676
-5921.000000	-0.009433	0.006460	-0.015893
-5911.000000	-0.009671	0.006438	-0.016109
-5901.000000	-0.009910	0.006417	-0.016326
-5891.000000	-0.010136	0.006395	-0.016530
-5881.000000	-0.010374	0.006373	-0.016747
-5871.000000	-0.010611	0.006351	-0.016963
-5861.000000	-0.010849	0.006330	-0.017179
-5851.000000	-0.011074	0.006308	-0.017382
-5841.000000	-0.011311	0.006287	-0.017598
-5831.000000	-0.011548	0.006265	-0.017813
-5821.000000	-0.011772	0.006244	-0.018016
-5811.000000	-0.012009	0.006222	-0.018231
-5801.000000	-0.012245	0.006201	-0.018445
-5791.000000	-0.012468	0.006180	-0.018648
-5781.000000	-0.012704	0.006158	-0.018862
-5771.000000	-0.012927	0.006137	-0.019064
-5761.000000	-0.013162	0.006116	-0.019278
-5751.000000	-0.013385	0.006094	-0.019480
-5741.000000	-0.013620	0.006073	-0.019693
-5731.000000	-0.013842	0.006052	-0.019894
-5721.000000	-0.014076	0.006031	-0.020107
-5711.000000	-0.014298	0.006010	-0.020308
-5701.000000	-0.014531	0.005989	-0.020520
-5691.000000	-0.014752	0.005968	-0.020720
-5681.000000	-0.014973	0.005947	-0.020920
-5671.000000	-0.015206	0.005926	-0.021132
-5661.000000	-0.015427	0.005905	-0.021332
-5651.000000	-0.015647	0.005884	-0.021531
-5641.000000	-0.015879	0.005864	-0.021742
-5631.000000	-0.016098	0.005843	-0.021941
-5621.000000	-0.016318	0.005822	-0.022140
-5611.000000	-0.016537	0.005801	-0.022338
-5601.000000	-0.016756	0.005781	-0.022537
-5591.000000	-0.016986	0.005760	-0.022746
-5581.000000	-0.017204	0.005740	-0.022944
-5571.000000	-0.017422	0.005719	-0.023141
-5561.000000	-0.017640	0.005698	-0.023339
-5551.000000	-0.017858	0.005678	-0.023536
-5541.000000	-0.018075	0.005658	-0.023732
-5531.000000	-0.018292	0.005637	-0.023929
-5521.000000	-0.018509	0.005617	-0.024125
-5511.000000	-0.018725	0.005596	-0.024321
-5501.000000	-0.018941	0.005576	-0.024517
-5491.000000	-0.019157	0.005556	-0.024713
-5481.000000	-0.019372	0.005536	-0.024908
-5471.000000	-0.019587	0.005515	-0.025103
-5461.000000	-0.019802	0.005495	-0.025297
-5451.000000	-0.020017	0.005475	-0.025492
-5441.000000	-0.020231	0.005455	-0.025686
-5431.000000	-0.020445	0.005435	-0.025880
-5421.000000	-0.020647	0.005415	-0.026062
-5411.000000	-0.020860	0.005395	-0.026255
-5401.000000	-0.021073	0.005375	-0.026448
-5391.000000	-0.021286	0.005355	-0.026641
-5381.000000	-0.021498	0.005336	-0.026834
-5371.000000	-0.021699	0.005316	-0.027015
-5361.000000	-0.021911	0.005296	-0.027207
-5351.000000	-0.022122	0.005276	-0.027398
-5341.000000	-0.022333	0.005256	-0.027590
-5331.000000	-0.022533	0.005237	-0.027769
-5321.000000	-0.022743	0.005217	-0.027960
-5311.000000	-0.022953	0.005198	-0.028151
-5301.000000	-0.023152	0.005178	-0.028330
-5291.000000	-0.023361	0.005159	-0.028520
-5281.000000	-0.023559	0.005139	-0.028698
-5271.000000	-0.023768	0.005120	-0.028887
-5261.000000	-0.023976	0.005100	-0.029076
-5251.000000	-0.024173	0.005081	-0.029254
-5241.000000	-0.024381	0.005061	-0.029443
-5231.000000	-0.024577	0.005042	-0.029620
-5221.000000	-0.024784	0.005023	-0.029807
-5211.000000	-0.024980	0.005004	-0.029984
-5201.000000	-0.025186	0.004985	-0.030171
-5191.000000	-0.025382	0.004965	-0.030347
-5181.000000	-0.025587	0.004946	-0.030533
-5171.000000	-0.025782	0.004927	-0.030709
-5161.000000	-0.025976	0.004908	-0.030884
-5151.000000	-0.026180	0.004889	-0.031069
-5141.000000	-0.026374	0.004870	-0.031244
-5131.000000	-0.026578	0.004851	-0.031429
-5121.000000	-0.026770	0.004832	-0.031603
-5111.000000	-0.026963	0.004814	-0.031776
-5101.000000	-0.027165	0.004795	-0.031960
-5091.000000	-0.027357	0.004776	-0.032133
-5081.000000	-0.027548	0.004757	-0.032306
-5071.000000	-0.027739	0.004738	-0.032478
-5061.000000	-0.027941	0.004720	-0.032661
-5051.000000	-0.028131	0.004701	-0.032832
-5041.000000	-0.028321	0.004683	-0.033003
-5031.000000	-0.028510	0.004664	-0.033174
-5021.000000	-0.028710	0.004645	-0.033356
-5011.000000	-0.028899	0.004627	-0.033526
-5001.000000	-0.029088	0.004609	-0.033696
-4991.000000	-0.029276	0.004590	-0.033866
-4981.000000	-0.029464	0.004572	-0.034035
-4971.000000	-0.029651	0.004553	-0.034205
-4961.000000	-0.029838	0.004535	-0.034373
-4951.000000	-0.030035	0.004517	-0.034552
-4941.000000	-0.030222	0.004499	-0.034720
-4931.000000	-0.030408	0.004480	-0.034888
-4921.000000	-0.030593	0.004462	-0.035056
-4911.000000	-0.030779	0.004444	-0.035223
-4901.000000	-0.030964	0.004426	-0.035390
-4891.000000	-0.031148	0.004408	-0.035556
-4881.000000	-0.031332	0.004390	-0.035722
-4871.000000	-0.031516	0.004372	-0.035888
-4861.000000	-0.031699	0.004354	-0.036053
-4851.000000	-0.031882	0.004336	-0.036219
-4841.000000	-0.032065	0.004318	-0.036383
-4831.000000	-0.032247	0.004301	-0.036548
-4821.000000	-0.032429	0.004283	-0.036712
-4811.000000	-0.032611	0.004265	-0.036876
-4801.000000	-0.032792	0.004247	-0.037039
-4791.000000	-0.032962	0.004230	-0.037192
-4781.000000	-0.033143	0.004212	-0.037355
-4771.000000	-0.033323	0.004194	-0.037517
-4761.000000	-0.033502	0.004177	-0.037679
-4751.000000	-0.033681	0.004159	-0.037841
-4741.000000	-0.033860	0.004142	-0.038002
-4731.000000	-0.034028	0.004124	-0.038153
-4721.000000	-0.034206	0.004107	-0.038313
-4711.000000	-0.034384	0.004090	-0.038474
-4701.000000	-0.034561	0.004072	-0.038634
-4691.000000	-0.034738	0.004055	-0.038793
-4681.000000	-0.034905	0.004038	-0.038942
-4671.000000	-0.035081	0.004020	-0.039101
-4661.000000	-0.035256	0.004003	-0.039260
-4651.000000	-0.035432	0.003986	-0.039418
-4641.000000	-0.035597	0.003969	-0.039565
-4631.000000	-0.035771	0.003952	-0.039723
-4621.000000	-0.035945	0.003935	-0.039880
-4611.000000	-0.036109	0.003918	-0.040027
-4601.000000	-0.036282	0.003901	-0.040183
-4591.000000	-0.036455	0.003884	-0.040339
-4581.000000	-0.036618	0.003867	-0.040485
-4571.000000	-0.036790	0.003850	-0.040640
-4561.000000	-0.036961	0.003833	-0.040794
-4551.000000	-0.037123	0.003816	-0.040939
-4541.000000	-0.037293	0.003800	-0.041093
-4531.000000	-0.037454	0.003783	-0.041237
-4521.000000	-0.037624	0.003766	-0.041390
-4511.000000	-0.037794	0.003750	-0.041543
-4501.000000	-0.037953	0.003733	-0.041686
-4491.000000	-0.038122	0.003717	-0.041838
-4481.000000	-0.038281	0.003700	-0.041981
-4471.000000	-0.038448	0.003683	-0.042132
-4461.000000	-0.038606	0.003667	-0.042274
-4451.000000	-0.038773	0.003651	-0.042424
-4441.000000	-0.038931	0.003634	-0.042565
-4431.000000	-0.039097	0.003618	-0.042715
-4421.000000	-0.039253	0.003602	-0.042855
-4411.000000	-0.039418	0.003585	-0.043004
-4401.000000	-0.039574	0.003569	-0.043143
-4391.000000	-0.039739	0.003553	-0.043291
-4381.000000	-0.039893	0.003537	-0.043430
-4371.000000	-0.040048	0.003521	-0.043568
-4361.000000	-0.040211	0.003504	-0.043715
-4351.000000	-0.040364	0.003488	-0.043853
-4341.000000	-0.040527	0.003472	-0.043999
-4331.000000	-0.040679	0.003456	-0.044136
-4321.000000	-0.040832	0.003440	-0.044272
-4311.000000	-0.040993	0.003425	-0.044417
-4301.000000	-0.041144	0.003409	-0.044553
-4291.000000	-0.041295	0.003393	-0.044688
-4281.000000	-0.041455	0.003377	-0.044832
-4271.000000	-0.041605	0.003361	-0.044966
-4261.000000	-0.041755	0.003346	-0.045101
-4251.000000	-0.041913	0.003330	-0.045243
-4241.000000	-0.042062	0.003314	-0.045377
-4231.000000	-0.042211	0.003299	-0.045509
-4221.000000	-0.042368	0.003283	-0.045651
-4211.000000	-0.042516	0.003268	-0.045783
-4201.000000	-0.042663	0.003252	-0.045915
-4191.000000	-0.042810	0.003237	-0.046046
-4181.000000	-0.042965	0.003221	-0.046186
-4171.000000	-0.043111	0.003206	-0.046317
-4161.000000	-0.043257	0.003190	-0.046447
-4151.000000	-0.043402	0.003175	-0.046577
-4141.000000	-0.043555	0.003160	-0.046715
-4131.000000	-0.043699	0.003145	-0.046844
-4121.000000	-0.043843	0.003129	-0.046973
-4111.000000	-0.043987	0.003114	-0.047101
-4101.000000	-0.044130	0.003099	-0.047229
-4091.000000	-0.044281	0.003084	-0.047365
-4081.000000	-0.044423	0.003069	-0.047492
-4071.000000	-0.044565	0.003054	-0.047619
-4061.000000	-0.044706	0.003039	-0.047745
-4051.000000	-0.044847	0.003024	-0.047871
-4041.000000	-0.044987	0.003009	-0.047997
-4031.000000	-0.045128	0.002994	-0.048122
-4021.000000	-0.045275	0.002979	-0.048255
-4011.000000	-0.045414	0.002965	-0.048379
-4001.000000	-0.045553	0.002950	-0.048503
-3991.000000	-0.045691	0.002935	-0.048626
-3981.000000	-0.045829	0.002920	-0.048750
-3971.000000	-0.045967	0.002906	-0.048872
-3961.000000	-0.046103	0.002891	-0.048994
-3951.000000	-0.046240	0.002877	-0.049116
-3941.000000	-0.046376	0.002862	-0.049238
-3931.000000	-0.046511	0.002847	-0.049359
-3921.000000	-0.046647	0.002833	-0.049480
-3911.000000	-0.046781	0.002819	-0.049600
-3901.000000	-0.046916	0.002804	-0.049720
-3891.000000	-0.047049	0.002790	-0.049839
-3881.000000	-0.047183	0.002775	-0.049958
-3871.000000	-0.047316	0.002761	-0.050077
-3861.000000	-0.047448	0.002747	-0.050195
-3851.000000	-0.047580	0.002733	-0.050313
-3841.000000	-0.047712	0.002719	-0.050430
-3831.000000	-0.047843	0.002704	-0.050547
-3821.000000	-0.047973	0.002690	-0.050664
-3811.000000	-0.048103	0.002676	-0.050780
-3801.000000	-0.048233	0.002662	-0.050895
-3791.000000	-0.048362	0.002648	-0.051011
-3781.000000	-0.048491	0.002634	-0.051125
-3771.000000	-0.048620	0.002620	-0.051240
-3761.000000	-0.048747	0.002606	-0.051354
-3751.000000	-0.048875	0.002593	-0.051467
-3741.000000	-0.049002	0.002579	-0.051581
-3731.000000	-0.049128	0.002565	-0.051693
-3721.000000	-0.049254	0.002551	-0.051806
-3711.000000	-0.049380	0.002538	-0.051917
-3701.000000	-0.049505	0.002524	-0.052029
-3691.000000	-0.049622	0.002510	-0.052133
-3681.000000	-0.049746	0.002497	-0.052243
-3671.000000	-0.049870	0.002483	-0.052353
-3661.000000	-0.049993	0.002470	-0.052463
-3651.000000	-0.050116	0.002456	-0.052572
-3641.000000	-0.050238	0.002443	-0.052681
-3631.000000	-0.050360	0.002429	-0.052790
-3621.000000	-0.050482	0.002416	-0.052898
-3611.000000	-0.050595	0.002403	-0.052998
-3601.000000	-0.050716	0.002389	-0.053105
-3591.000000	-0.050836	0.002376	-0.053212
-3581.000000	-0.050955	0.002363	-0.053318
-3571.000000	-0.051074	0.002350	-0.053424
-3561.000000	-0.051193	0.002337	-0.053529
-3551.000000	-0.051304	0.002324	-0.053627
-3541.000000	-0.051421	0.002310	-0.053732
-3531.000000	-0.051539	0.002297	-0.053836
-3521.000000	-0.051655	0.002284	-0.053940
-3511.000000	-0.051771	0.002271	-0.054043
-3501.000000	-0.051880	0.002259	-0.054139
-3491.000000	-0.051995	0.002246	-0.054241
-3481.000000	-0.052110	0.002233	-0.054343
-3471.000000	-0.052224	0.002220	-0.054444
-3461.000000	-0.052331	0.002207	-0.054539
-3451.000000	-0.052445	0.002195	-0.054639
-3441.000000	-0.052557	0.002182	-0.054739
-3431.000000	-0.052670	0.002169	-0.054839
-3421.000000	-0.052775	0.002157	-0.054932
-3411.000000	-0.052886	0.002144	-0.055030
-3401.000000	-0.052997	0.002131	-0.055129
-3391.000000	-0.053108	0.002119	-0.055226
-3381.000000	-0.053211	0.002106	-0.055317
-3371.000000	-0.053320	0.002094	-0.055414
-3361.000000	-0.053429	0.002082	-0.055511
-3351.000000	-0.053531	0.002069	-0.055601
-3341.000000	-0.053639	0.002057	-0.055696
-3331.000000	-0.053747	0.002045	-0.055791
-3321.000000	-0.053854	0.002032	-0.055886
-3311.000000	-0.053954	0.002020	-0.055974
-3301.000000	-0.054060	0.002008	-0.056068
-3291.000000	-0.054165	0.001996	-0.056161
-3281.000000	-0.054264	0.001984	-0.056248
-3271.000000	-0.054369	0.001972	-0.056340
-3261.000000	-0.054473	0.001960	-0.056432
-3251.000000	-0.054570	0.001948	-0.056518
-3241.000000	-0.054673	0.001936	-0.056609
-3231.000000	-0.054776	0.001924	-0.056700
-3221.000000	-0.054872	0.001912	-0.056784
-3211.000000	-0.054973	0.001900	-0.056873
-3201.000000	-0.055075	0.001888	-0.056963
-3191.000000	-0.055169	0.001876	-0.057045
-3181.000000	-0.055269	0.001865	-0.057134
-3171.000000	-0.055369	0.001853	-0.057222
-3161.000000	-0.055462	0.001841	-0.057303
-3151.000000	-0.055561	0.001830	-0.057390
-3141.000000	-0.055653	0.001818	-0.057471
-3131.000000	-0.055750	0.001806	-0.057557
-3121.000000	-0.055848	0.001795	-0.057642
-3111.000000	-0.055938	0.001783	-0.057722
-3101.000000	-0.056035	0.001772	-0.057806
-3091.000000	-0.056130	0.001761	-0.057891
-3081.000000	-0.056220	0.001749	-0.057969
-3071.000000	-0.056314	0.001738	-0.058052
-3061.000000	-0.056403	0.001727	-0.058129
-3051.000000	-0.056496	0.001715	-0.058211
-3041.000000	-0.056589	0.001704	-0.058293
-3031.000000	-0.056676	0.001693	-0.058369
-3021.000000	-0.056768	0.001682	-0.058450
-3011.000000	-0.056854	0.001671	-0.058525
-3001.000000	-0.056946	0.001660	-0.058605
-2991.000000	-0.057031	0.001648	-0.058679
-2981.000000	-0.057121	0.001637	-0.058758
-2971.000000	-0.057210	0.001627	-0.058837
-2961.000000	-0.057294	0.001616	-0.058910
-2951.000000	-0.057382	0.001605	-0.058987
-2941.000000	-0.057465	0.001594	-0.059059
-2931.000000	-0.057553	0.001583	-0.059136
-2921.000000	-0.057635	0.001572	-0.059207
-2911.000000	-0.057721	0.001561	-0.059282
-2901.000000	-0.057802	0.001551	-0.059353
-2891.000000	-0.057887	0.001540	-0.059427
-2881.000000	-0.057972	0.001529	-0.059502
-2871.000000	-0.058052	0.001519	-0.059570
-2861.000000	-0.058135	0.001508	-0.059644
-2851.000000	-0.058214	0.001498	-0.059712
-2841.000000	-0.058297	0.001487	-0.059784
-2831.000000	-0.058374	0.001477	-0.059851
-2821.000000	-0.058456	0.001466	-0.059922
-2811.000000	-0.058533	0.001456	-0.059989
-2801.000000	-0.058613	0.001446	-0.060059
-2791.000000	-0.058689	0.001435	-0.060124
-2781.000000	-0.058769	0.001425	-0.060194
-2771.000000	-0.058843	0.001415	-0.060258
-2761.000000	-0.058922	0.001405	-0.060327
-2751.000000	-0.058996	0.001395	-0.060390
-2741.000000	-0.059073	0.001384	-0.060458
-2731.000000	-0.059150	0.001374	-0.060525
-2721.000000	-0.059223	0.001364	-0.060587
-2711.000000	-0.059299	0.001354	-0.060653
-2701.000000	-0.059370	0.001344	-0.060714
-2691.000000	-0.059445	0.001334	-0.060779
-2681.000000	-0.059515	0.001324	-0.060839
-2671.000000	-0.059589	0.001315	-0.060904
-2661.000000	-0.059658	0.001305	-0.060963
-2651.000000	-0.059731	0.001295	-0.061026
-2641.000000	-0.059799	0.001285	-0.061085
-2631.000000	-0.059871	0.001276	-0.061147
-2621.000000	-0.059938	0.001266	-0.061204
-2611.000000	-0.060009	0.001256	-0.061266
-2601.000000	-0.060076	0.001247	-0.061322
-2591.000000	-0.060145	0.001237	-0.061382
-2581.000000	-0.060211	0.001228	-0.061438
-2571.000000	-0.060279	0.001218	-0.061497
-2561.000000	-0.060344	0.001209	-0.061552
-2551.000000	-0.060407	0.001199	-0.061607
-2541.000000	-0.060475	0.001190	-0.061664
-2531.000000	-0.060537	0.001180	-0.061718
-2521.000000	-0.060603	0.001171	-0.061775
-2511.000000	-0.060665	0.001162	-0.061827
-2501.000000	-0.060730	0.001153	-0.061883
-2491.000000	-0.060791	0.001143	-0.061934
-2481.000000	-0.060855	0.001134	-0.061989
-2471.000000	-0.060915	0.001125	-0.062040
-2461.000000	-0.060978	0.001116	-0.062094
-2451.000000	-0.061037	0.001107	-0.062143
-2441.000000	-0.061098	0.001098	-0.062196
-2431.000000	-0.061156	0.001089	-0.062245
-2421.000000	-0.061217	0.001080	-0.062297
-2411.000000	-0.061274	0.001071	-0.062345
-2401.000000	-0.061333	0.001062	-0.062396
-2391.000000	-0.061389	0.001053	-0.062443
-2381.000000	-0.061448	0.001045	-0.062492
-2371.000000	-0.061503	0.001036	-0.062539
-2361.000000	-0.061560	0.001027	-0.062587
-2351.000000	-0.061614	0.001018	-0.062632
-2341.000000	-0.061670	0.001010	-0.062680
-2331.000000	-0.061723	0.001001	-0.062724
-2321.000000	-0.061775	0.000993	-0.062768
-2311.000000	-0.061830	0.000984	-0.062814
-2301.000000	-0.061882	0.000976	-0.062857
-2291.000000	-0.061935	0.000967	-0.062903
-2281.000000	-0.061986	0.000959	-0.062944
-2271.000000	-0.062038	0.000950	-0.062989
-2261.000000	-0.062088	0.000942	-0.063030
-2251.000000	-0.062139	0.000934	-0.063073
-2241.000000	-0.062188	0.000925	-0.063113
-2231.000000	-0.062238	0.000917	-0.063155
-2221.000000	-0.062285	0.000909	-0.063194
-2211.000000	-0.062335	0.000901	-0.063236
-2201.000000	-0.062381	0.000893	-0.063274
-2191.000000	-0.062429	0.000885	-0.063314
-2181.000000	-0.062474	0.000877	-0.063351
-2171.000000	-0.062519	0.000869	-0.063388
-2161.000000	-0.062566	0.000861	-0.063426
-2151.000000	-0.062610	0.000853	-0.063462
-2141.000000	-0.062655	0.000845	-0.063500
-2131.000000	-0.062698	0.000837	-0.063535
-2121.000000	-0.062743	0.000829	-0.063571
-2111.000000	-0.062784	0.000821	-0.063605
-2101.000000	-0.062828	0.000813	-0.063641
-2091.000000	-0.062868	0.000806	-0.063674
-2081.000000	-0.062911	0.000798	-0.063709
-2071.000000	-0.062950	0.000790	-0.063741
-2061.000000	-0.062992	0.000783	-0.063774
-2051.000000	-0.063030	0.000775	-0.063805
-2041.000000	-0.063070	0.000768	-0.063838
-2031.000000	-0.063108	0.000760	-0.063868
-2021.000000	-0.063147	0.000753	-0.063900
-2011.000000	-0.063183	0.000745	-0.063929
-2001.000000	-0.063221	0.000738	-0.063959
-1991.000000	-0.063257	0.000730	-0.063987
-1981.000000	-0.063294	0.000723	-0.064017
-1971.000000	-0.063328	0.000716	-0.064044
-1961.000000	-0.063364	0.000709	-0.064073
-1951.000000	-0.063398	0.000701	-0.064099
-1941.000000	-0.063432	0.000694	-0.064127
-1931.000000	-0.063465	0.000687	-0.064152
-1921.000000	-0.063497	0.000680	-0.064177
-1911.000000	-0.063530	0.000673	-0.064203
-1901.000000	-0.063561	0.000666	-0.064226
-1891.000000	-0.063593	0.000659	-0.064251
-1881.000000	-0.063622	0.000652	-0.064274
-1871.000000	-0.063653	0.000645	-0.064298
-1861.000000	-0.063682	0.000638	-0.064320
-1851.000000	-0.063712	0.000631	-0.064343
-1841.000000	-0.063740	0.000625	-0.064364
-1831.000000	-0.063768	0.000618	-0.064386
-1821.000000	-0.063795	0.000611	-0.064406
-1811.000000	-0.063823	0.000604	-0.064427
-1801.000000	-0.063850	0.000598	-0.064447
-1791.000000	-0.063875	0.000591	-0.064466
-1781.000000	-0.063901	0.000584	-0.064485
-1771.000000	-0.063925	0.000578	-0.064503
-1761.000000	-0.063950	0.000571	-0.064521
-1751.000000	-0.063973	0.000565	-0.064538
-1741.000000	-0.063996	0.000559	-0.064555
-1731.000000	-0.064018	0.000552	-0.064571
-1721.000000	-0.064041	0.000546	-0.064587
-1711.000000	-0.064062	0.000539	-0.064601
-1701.000000	-0.064083	0.000533	-0.064617
-1691.000000	-0.064103	0.000527	-0.064630
-1681.000000	-0.064124	0.000521	-0.064645
-1671.000000	-0.064143	0.000515	-0.064657
-1661.000000	-0.064162	0.000508	-0.064670
-1651.000000	-0.064180	0.000502	-0.064682
-1641.000000	-0.064198	0.000496	-0.064694
-1631.000000	-0.064216	0.000490	-0.064706
-1621.000000	-0.064232	0.000484	-0.064716
-1611.000000	-0.064248	0.000478	-0.064727
-1601.000000	-0.064264	0.000472	-0.064736
-1591.000000	-0.064279	0.000466	-0.064746
-1581.000000	-0.064293	0.000461	-0.064754
-1571.000000	-0.064308	0.000455	-0.064762
-1561.000000	-0.064321	0.000449	-0.064770
-1551.000000	-0.064334	0.000443	-0.064777
-1541.000000	-0.064347	0.000438	-0.064784
-1531.000000	-0.064358	0.000432	-0.064790
-1521.000000	-0.064370	0.000426	-0.064796
-1511.000000	-0.064380	0.000421	-0.064801
-1501.000000	-0.064391	0.000415	-0.064806
-1491.000000	-0.064400	0.000410	-0.064810
-1481.000000	-0.064409	0.000404	-0.064814
-1471.000000	-0.064418	0.000399	-0.064817
-1461.000000	-0.064426	0.000393	-0.064819
-1451.000000	-0.064434	0.000388	-0.064822
-1441.000000	-0.064440	0.000383	-0.064823
-1431.000000	-0.064447	0.000377	-0.064824
-1421.000000	-0.064453	0.000372	-0.064825
-1411.000000	-0.064458	0.000367	-0.064825
-1401.000000	-0.064463	0.000362	-0.064825
-1391.000000	-0.064467	0.000357	-0.064824
-1381.000000	-0.064471	0.000351	-0.064822
-1371.000000	-0.064474	0.000346	-0.064820
-1361.000000	-0.064477	0.000341	-0.064818
-1351.000000	-0.064479	0.000336	-0.064815
-1341.000000	-0.064480	0.000331	-0.064811
-1331.000000	-0.064481	0.000326	-0.064808
-1321.000000	-0.064482	0.000322	-0.064803
-1311.000000	-0.064481	0.000317	-0.064798
-1301.000000	-0.064481	0.000312	-0.064793
-1291.000000	-0.064479	0.000307	-0.064787
-1281.000000	-0.064477	0.000302	-0.064780
-1271.000000	-0.064475	0.000298	-0.064773
-1261.000000	-0.064472	0.000293	-0.064765
-1251.000000	-0.064469	0.000288	-0.064757
-1241.000000	-0.064465	0.000284	-0.064749
-1231.000000	-0.064460	0.000279	-0.064740
-1221.000000	-0.064455	0.000275	-0.064730
-1211.000000	-0.064450	0.000270	-0.064720
-1201.000000	-0.064443	0.000266	-0.064709
-1191.000000	-0.064436	0.000261	-0.064698
-1181.000000	-0.064430	0.000257	-0.064687
-1171.000000	-0.064422	0.000253	-0.064674
-1161.000000	-0.064413	0.000248	-0.064661
-1151.000000	-0.064404	0.000244	-0.064648
-1141.000000	-0.064395	0.000240	-0.064635
-1131.000000	-0.064384	0.000236	-0.064620
-1121.000000	-0.064374	0.000232	-0.064605
-1111.000000	-0.064362	0.000227	-0.064589
-1101.000000	-0.064351	0.000223	-0.064574
-1091.000000	-0.064338	0.000219	-0.064558
-1081.000000	-0.064325	0.000215	-0.064541
-1071.000000	-0.064311	0.000211	-0.064523
-1061.000000	-0.064298	0.000207	-0.064506
-1051.000000	-0.064284	0.000204	-0.064487
-1041.000000	-0.064268	0.000200	-0.064468
-1031.000000	-0.064252	0.000196	-0.064448
-1021.000000	-0.064237	0.000192	-0.064429
-1011.000000	-0.064220	0.000188	-0.064408
-1001.000000	-0.064202	0.000185	-0.064387
-991.000000	-0.064184	0.000181	-0.064365
-981.000000	-0.064165	0.000177	-0.064342
-971.000000	-0.064147	0.000174	-0.064321
-961.000000	-0.064127	0.000170	-0.064298
-951.000000	-0.064107	0.000167	-0.064274
-941.000000	-0.064086	0.000163	-0.064249
-931.000000	-0.064064	0.000160	-0.064224
-921.000000	-0.064044	0.000156	-0.064200
-911.000000	-0.064021	0.000153	-0.064174
-901.000000	-0.063998	0.000150	-0.064147
-891.000000	-0.063974	0.000146	-0.064120
-881.000000	-0.063950	0.000143	-0.064093
-871.000000	-0.063925	0.000140	-0.064064
-861.000000	-0.063899	0.000137	-0.064036
-851.000000	-0.063875	0.000133	-0.064008
-841.000000	-0.063848	0.000130	-0.063979
-831.000000	-0.063821	0.000127	-0.063948
-821.000000	-0.063793	0.000124	-0.063917
-811.000000	-0.063765	0.000121	-0.063886
-801.000000	-0.063736	0.000118	-0.063854
-791.000000	-0.063706	0.000115	-0.063822
-781.000000	-0.063676	0.000112	-0.063789
-771.000000	-0.063646	0.000110	-0.063755
-761.000000	-0.063615	0.000107	-0.063721
-751.000000	-0.063583	0.000104	-0.063687
-741.000000	-0.063551	0.000101	-0.063652
-731.000000	-0.063520	0.000098	-0.063619
-721.000000	-0.063487	0.000096	-0.063582
-711.000000	-0.063453	0.000093	-0.063546
-701.000000	-0.063418	0.000091	-0.063509
-691.000000	-0.063383	0.000088	-0.063471
-681.000000	-0.063348	0.000085	-0.063433
-671.000000	-0.063311	0.000083	-0.063394
-661.000000	-0.063275	0.000081	-0.063355
-651.000000	-0.063237	0.000078	-0.063315
-641.000000	-0.063199	0.000076	-0.063275
-631.000000	-0.063161	0.000073	-0.063234
-621.000000	-0.063122	0.000071	-0.063193
-611.000000	-0.063082	0.000069	-0.063151
-601.000000	-0.063042	0.000067	-0.063109
-591.000000	-0.062999	0.000064	-0.063063
-581.000000	-0.062957	0.000062	-0.063020
-571.000000	-0.062916	0.000060	-0.062976
-561.000000	-0.062873	0.000058	-0.062931
-551.000000	-0.062830	0.000056	-0.062886
-541.000000	-0.062787	0.000054	-0.062841
-531.000000	-0.062743	0.000052	-0.062795
-521.000000	-0.062698	0.000050	-0.062748
-511.000000	-0.062653	0.000048	-0.062701
-501.000000	-0.062607	0.000046	-0.062653
-491.000000	-0.062561	0.000044	-0.062605
-481.000000	-0.062511	0.000043	-0.062553
-471.000000	-0.062463	0.000041	-0.062504
-461.000000	-0.062415	0.000039	-0.062454
-451.000000	-0.062367	0.000037	-0.062404
-441.000000	-0.062318	0.000036	-0.062353
-431.000000	-0.062268	0.000034	-0.062302
-421.000000	-0.062218	0.000033	-0.062250
-411.000000	-0.062164	0.000031	-0.062195
-401.000000	-0.062112	0.000030	-0.062142
-391.000000	-0.062060	0.000028	-0.062088
-381.000000	-0.062008	0.000027	-0.062035
-371.000000	-0.061951	0.000025	-0.061977
-361.000000	-0.061898	0.000024	-0.061922
-351.000000	-0.061844	0.000023	-0.061866
-341.000000	-0.061789	0.000021	-0.061810
-331.000000	-0.061734	0.000020	-0.061754
-321.000000	-0.061674	0.000019	-0.061693
-311.000000	-0.061618	0.000018	-0.061636
-301.000000	-0.061561	0.000017	-0.061578
-291.000000	-0.061500	0.000016	-0.061515
-281.000000	-0.061442	0.000015	-0.061456
-271.000000	-0.061383	0.000014	-0.061396
-261.000000	-0.061324	0.000013	-0.061336
-251.000000	-0.061260	0.000012	-0.061272
-241.000000	-0.061200	0.000011	-0.061211
-231.000000	-0.061135	0.000010	-0.061145
-221.000000	-0.061074	0.000009	-0.061083
-211.000000	-0.061012	0.000008	-0.061020
-201.000000	-0.060945	0.000007	-0.060953
-191.000000	-0.060882	0.000007	-0.060889
-181.000000	-0.060819	0.000006	-0.060825
-171.000000	-0.060750	0.000005	-0.060756
-161.000000	-0.060685	0.000005	-0.060690
-151.000000	-0.060616	0.000004	-0.060620
-141.000000	-0.060550	0.000004	-0.060554
-131.000000	-0.060484	0.000003	-0.060487
-121.000000	-0.060412	0.000003	-0.060415
-111.000000	-0.060345	0.000002	-0.060347
-101.000000	-0.060272	0.000002	-0.060274
-91.000000	-0.060204	0.000002	-0.060205
-81.000000	-0.060130	0.000001	-0.060131
-71.000000	-0.060061	0.000001	-0.060062
-61.000000	-0.059986	0.000001	-0.059986
-51.000000	-0.059915	0.000000	-0.059916
-41.000000	-0.059839	0.000000	-0.059839
-31.000000	-0.059767	0.000000	-0.059767
-21.000000	-0.059690	0.000000	-0.059690
-11.000000	-0.059612	0.000000	-0.059612
-1.000000	-0.059539	0.000000	-0.059539
9.000000	-0.059460	0.000000	-0.059460
19.000000	-0.059385	0.000000	-0.059385
29.000000	-0.059305	0.000000	-0.059305
39.000000	-0.059224	0.000000	-0.059225
49.000000	-0.059148	0.000000	-0.059149
59.000000	-0.059066	0.000001	-0.059067
69.000000	-0.058989	0.000001	-0.058990
79.000000	-0.058906	0.000001	-0.058907
89.000000	-0.058822	0.000001	-0.058824
99.000000	-0.058743	0.000002	-0.058745
109.000000	-0.058659	0.000002	-0.058661
119.000000	-0.058573	0.000003	-0.058576
129.000000	-0.058487	0.000003	-0.058490
139.000000	-0.058406	0.000004	-0.058410
149.000000	-0.058319	0.000004	-0.058323
159.000000	-0.058232	0.000005	-0.058236
169.000000	-0.058143	0.000005	-0.058149
179.000000	-0.058060	0.000006	-0.058066
189.000000	-0.057971	0.000007	-0.057977
199.000000	-0.057881	0.000007	-0.057888
209.000000	-0.057790	0.000008	-0.057798
219.000000	-0.057699	0.000009	-0.057708
229.000000	-0.057613	0.000010	-0.057623
239.000000	-0.057521	0.000011	-0.057531
249.000000	-0.057428	0.000011	-0.057439
259.000000	-0.057335	0.000012	-0.057347
269.000000	-0.057241	0.000013	-0.057254
279.000000	-0.057146	0.000014	-0.057160
289.000000	-0.057051	0.000015	-0.057066
299.000000	-0.056955	0.000016	-0.056972
309.000000	-0.056859	0.000018	-0.056877
319.000000	-0.056768	0.000019	-0.056787
329.000000	-0.056671	0.000020	-0.056691
339.000000	-0.056573	0.000021	-0.056594
349.000000	-0.056474	0.000022	-0.056497
359.000000	-0.056375	0.000024	-0.056399
369.000000	-0.056276	0.000025	-0.056301
379.000000	-0.056175	0.000026	-0.056202
389.000000	-0.056068	0.000028	-0.056096
399.000000	-0.055967	0.000029	-0.055996
409.000000	-0.055865	0.000031	-0.055896
419.000000	-0.055762	0.000032	-0.055795
429.000000	-0.055659	0.000034	-0.055693
439.000000	-0.055556	0.000036	-0.055591
449.000000	-0.055451	0.000037	-0.055489
459.000000	-0.055347	0.000039	-0.055386
469.000000	-0.055241	0.000041	-0.055282
479.000000	-0.055136	0.000042	-0.055178
489.000000	-0.055023	0.000044	-0.055067
499.000000	-0.054916	0.000046	-0.054961
509.000000	-0.054808	0.000048	-0.054856
519.000000	-0.054700	0.000050	-0.054749
529.000000	-0.054584	0.000052	-0.054636
539.000000	-0.054475	0.000054	-0.054529
549.000000	-0.054365	0.000056	-0.054421
559.000000	-0.054255	0.000058	-0.054313
569.000000	-0.054137	0.000060	-0.054197
579.000000	-0.054026	0.000062	-0.054088
589.000000	-0.053914	0.000064	-0.053978
599.000000	-0.053794	0.000066	-0.053860
609.000000	-0.053681	0.000068	-0.053749
619.000000	-0.053567	0.000071	-0.053638
629.000000	-0.053446	0.000073	-0.053519
639.000000	-0.053331	0.000075	-0.053407
649.000000	-0.053209	0.000078	-0.053287
659.000000	-0.053093	0.000080	-0.053173
669.000000	-0.052977	0.000082	-0.053059
679.000000	-0.052852	0.000085	-0.052937
689.000000	-0.052735	0.000087	-0.052822
699.000000	-0.052610	0.000090	-0.052700
709.000000	-0.052491	0.000093	-0.052583
719.000000	-0.052364	0.000095	-0.052460
729.000000	-0.052245	0.000098	-0.052343
739.000000	-0.052117	0.000101	-0.052218
749.000000	-0.051989	0.000103	-0.052092
759.000000	-0.051867	0.000106	-0.051973
769.000000	-0.051738	0.000109	-0.051847
779.000000	-0.051615	0.000112	-0.051727
789.000000	-0.051485	0.000115	-0.051600
799.000000	-0.051354	0.000118	-0.051471
809.000000	-0.051230	0.000121	-0.051350
819.000000	-0.051097	0.000124	-0.051221
829.000000	-0.050965	0.000127	-0.051091
839.000000	-0.050831	0.000130	-0.050961
849.000000	-0.050705	0.000133	-0.050838
859.000000	-0.050570	0.000136	-0.050706
869.000000	-0.050435	0.000139	-0.050575
879.000000	-0.050300	0.000142	-0.050442
889.000000	-0.050171	0.000146	-0.050317
899.000000	-0.050034	0.000149	-0.050183
909.000000	-0.049897	0.000152	-0.050049
919.000000	-0.049759	0.000156	-0.049915
929.000000	-0.049621	0.000159	-0.049780
939.000000	-0.049482	0.000162	-0.049644
949.000000	-0.049342	0.000166	-0.049508
959.000000	-0.049202	0.000169	-0.049371
969.000000	-0.049061	0.000173	-0.049234
979.000000	-0.048920	0.000177	-0.049096
989.000000	-0.048778	0.000180	-0.048958
999.000000	-0.048635	0.000184	-0.048819
1009.000000	-0.048492	0.000188	-0.048680
1019.000000	-0.048349	0.000191	-0.048540
1029.000000	-0.048205	0.000195	-0.048400
1039.000000	-0.048060	0.000199	-0.048259
1049.000000	-0.047915	0.000203	-0.048118
1059.000000	-0.047769	0.000207	-0.047976
1069.000000	-0.047623	0.000211	-0.047834
1079.000000	-0.047468	0.000215	-0.047682
1089.000000	-0.047320	0.000219	-0.047539
1099.000000	-0.047172	0.000223	-0.047395
1109.000000	-0.047024	0.000227	-0.047251
1119.000000	-0.046875	0.000231	-0.047106
1129.000000	-0.046717	0.000235	-0.046952
1139.000000	-0.046567	0.000239	-0.046806
1149.000000	-0.046416	0.000243	-0.046659
1159.000000	-0.046256	0.000248	-0.046504
1169.000000	-0.046104	0.000252	-0.046356
1179.000000	-0.045952	0.000256	-0.046208
1189.000000	-0.045790	0.000261	-0.046051
1199.000000	-0.045637	0.000265	-0.045902
1209.000000	-0.045474	0.000269	-0.045744
1219.000000	-0.045320	0.000274	-0.045594
1229.000000	-0.045156	0.000278	-0.045434
1239.000000	-0.045001	0.000283	-0.045284
1249.000000	-0.044836	0.000287	-0.045123
1259.000000	-0.044679	0.000292	-0.044971
1269.000000	-0.044513	0.000297	-0.044810
1279.000000	-0.044355	0.000301	-0.044657
1289.000000	-0.044188	0.000306	-0.044494
1299.000000	-0.044020	0.000311	-0.044331
1309.000000	-0.043861	0.000316	-0.044177
1319.000000	-0.043692	0.000321	-0.044013
1329.000000	-0.043523	0.000325	-0.043848
1339.000000	-0.043362	0.000330	-0.043693
1349.000000	-0.043192	0.000335	-0.043527
1359.000000	-0.043021	0.000340	-0.043361
1369.000000	-0.042849	0.000345	-0.043194
1379.000000	-0.042677	0.000350	-0.043027
1389.000000	-0.042514	0.000356	-0.042869
1399.000000	-0.042340	0.000361	-0.042701
1409.000000	-0.042167	0.000366	-0.042532
1419.000000	-0.041992	0.000371	-0.042363
1429.000000	-0.041817	0.000376	-0.042194
1439.000000	-0.041642	0.000382	-0.042024
1449.000000	-0.041466	0.000387	-0.041853
1459.000000	-0.041290	0.000392	-0.041682
1469.000000	-0.041113	0.000398	-0.041510
1479.000000	-0.040935	0.000403	-0.041338
1489.000000	-0.040757	0.000409	-0.041166
1499.000000	-0.040578	0.000414	-0.040992
1509.000000	-0.040390	0.000420	-0.040809
1519.000000	-0.040210	0.000425	-0.040635
1529.000000	-0.040030	0.000431	-0.040461
1539.000000	-0.039849	0.000436	-0.040286
1549.000000	-0.039668	0.000442	-0.040110
1559.000000	-0.039476	0.000448	-0.039924
1569.000000	-0.039294	0.000454	-0.039748
1579.000000	-0.039111	0.000459	-0.039571
1589.000000	-0.038918	0.000465	-0.039383
1599.000000	-0.038734	0.000471	-0.039205
1609.000000	-0.038550	0.000477	-0.039027
1619.000000	-0.038355	0.000483	-0.038838
1629.000000	-0.038170	0.000489	-0.038659
1639.000000	-0.037974	0.000495	-0.038469
1649.000000	-0.037788	0.000501	-0.038289
1659.000000	-0.037591	0.000507	-0.038098
1669.000000	-0.037403	0.000513	-0.037917
1679.000000	-0.037205	0.000519	-0.037725
1689.000000	-0.037007	0.000526	-0.037532
1699.000000	-0.036818	0.000532	-0.037350
1709.000000	-0.036618	0.000538	-0.037157
1719.000000	-0.036418	0.000545	-0.036963
1729.000000	-0.036218	0.000551	-0.036768
1739.000000	-0.036027	0.000557	-0.036584
1749.000000	-0.035825	0.000564	-0.036389
1759.000000	-0.035623	0.000570	-0.036193
1769.000000	-0.035420	0.000577	-0.035997
1779.000000	-0.035217	0.000583	-0.035800
1789.000000	-0.035013	0.000590	-0.035603
1799.000000	-0.034809	0.000596	-0.035406
1809.000000	-0.034604	0.000603	-0.035207
1819.000000	-0.034399	0.000610	-0.035009
1829.000000	-0.034194	0.000616	-0.034810
1839.000000	-0.033987	0.000623	-0.034610
1849.000000	-0.033781	0.000630	-0.034411
1859.000000	-0.033573	0.000637	-0.034210
1869.000000	-0.033366	0.000644	-0.034009
1879.000000	-0.033157	0.000651	-0.033808
1889.000000	-0.032949	0.000658	-0.033606
1899.000000	-0.032729	0.000665	-0.033394
1909.000000	-0.032519	0.000672	-0.033191
1919.000000	-0.032309	0.000679	-0.032988
1929.000000	-0.032088	0.000686	-0.032774
1939.000000	-0.031877	0.000693	-0.032570
1949.000000	-0.031654	0.000700	-0.032354
1959.000000	-0.031442	0.000707	-0.032149
1969.000000	-0.031230	0.000714	-0.031944
1979.000000	-0.031006	0.000722	-0.031728
1989.000000	-0.030782	0.000729	-0.031511
1999.000000	-0.030568	0.000736	-0.031304
2009.000000	-0.030342	0.000744	-0.031086
2019.000000	-0.030127	0.000751	-0.030879
2029.000000	-0.029901	0.000759	-0.030660
2039.000000	-0.029674	0.000766	-0.030441
2049.000000	-0.029447	0.000774	-0.030221
2059.000000	-0.029231	0.000781	-0.030012
2069.000000	-0.029002	0.000789	-0.029791
2079.000000	-0.028774	0.000796	-0.029570
2089.000000	-0.028545	0.000804	-0.029349
2099.000000	-0.028315	0.000812	-0.029127
2109.000000	-0.028085	0.000820	-0.028905
2119.000000	-0.027854	0.000827	-0.028682
2129.000000	-0.027623	0.000835	-0.028459
2139.000000	-0.027392	0.000843	-0.028235
2149.000000	-0.027160	0.000851	-0.028011
2159.000000	-0.026928	0.000859	-0.027787
2169.000000	-0.026684	0.000867	-0.027551
2179.000000	-0.026450	0.000875	-0.027325
2189.000000	-0.026217	0.000883	-0.027100
2199.000000	-0.025971	0.000891	-0.026862
2209.000000	-0.025737	0.000899	-0.026636
2219.000000	-0.025502	0.000907	-0.026409
2229.000000	-0.025255	0.000916	-0.026170
2239.000000	-0.025019	0.000924	-0.025943
2249.000000	-0.024771	0.000932	-0.025703
2259.000000	-0.024535	0.000940	-0.025475
2269.000000	-0.024286	0.000949	-0.025235
2279.000000	-0.024037	0.000957	-0.024994
2289.000000	-0.023799	0.000965	-0.024765
2299.000000	-0.023549	0.000974	-0.024523
2309.000000	-0.023299	0.000982	-0.024281
2319.000000	-0.023048	0.000991	-0.024039
2329.000000	-0.022809	0.001000	-0.023808
2339.000000	-0.022557	0.001008	-0.023565
2349.000000	-0.022305	0.001017	-0.023322
2359.000000	-0.022053	0.001025	-0.023078
2369.000000	-0.021800	0.001034	-0.022834
2379.000000	-0.021546	0.001043	-0.022589
2389.000000	-0.021293	0.001052	-0.022344
2399.000000	-0.021027	0.001061	-0.022088
2409.000000	-0.020773	0.001069	-0.021842
2419.000000	-0.020518	0.001078	-0.021596
2429.000000	-0.020263	0.001087	-0.021350
2439.000000	-0.019995	0.001096	-0.021091
2449.000000	-0.019739	0.001105	-0.020844
2459.000000	-0.019483	0.001114	-0.020597
2469.000000	-0.019214	0.001123	-0.020338
2479.000000	-0.018957	0.001132	-0.020090
2489.000000	-0.018688	0.001142	-0.019829
2499.000000	-0.018418	0.001151	-0.019569
2509.000000	-0.018160	0.001160	-0.019320
2519.000000	-0.017889	0.001169	-0.019059
2529.000000	-0.017619	0.001179	-0.018797
2539.000000	-0.017347	0.001188	-0.018535
2549.000000	-0.017088	0.001197	-0.018285
2559.000000	-0.016816	0.001207	-0.018022
2569.000000	-0.016543	0.001216	-0.017760
2579.000000	-0.016271	0.001226	-0.017496
2589.000000	-0.015998	0.001235	-0.017233
2599.000000	-0.015724	0.001245	-0.016969
2609.000000	-0.015439	0.001254	-0.016693
2619.000000	-0.015165	0.001264	-0.016429
2629.000000	-0.014890	0.001274	-0.016164
2639.000000	-0.014616	0.001283	-0.015899
2649.000000	-0.014329	0.001293	-0.015622
2659.000000	-0.014053	0.001303	-0.015356
2669.000000	-0.013766	0.001313	-0.015078
2679.000000	-0.013490	0.001323	-0.014812
2689.000000	-0.013201	0.001332	-0.014534
2699.000000	-0.012925	0.001342	-0.014267
2709.000000	-0.012636	0.001352	-0.013988
2719.000000	-0.012347	0.001362	-0.013709
2729.000000	-0.012057	0.001372	-0.013429
2739.000000	-0.011767	0.001382	-0.013149
2749.000000	-0.011489	0.001393	-0.012882
2759.000000	-0.011199	0.001403	-0.012601
2769.000000	-0.010908	0.001413	-0.012321
2779.000000	-0.010605	0.001423	-0.012028
2789.000000	-0.010313	0.001433	-0.011747
2799.000000	-0.010022	0.001444	-0.011465
2809.000000	-0.009730	0.001454	-0.011184
2819.000000	-0.009438	0.001464	-0.010902
2829.000000	-0.009133	0.001475	-0.010608
2839.000000	-0.008841	0.001485	-0.010326
2849.000000	-0.008536	0.001496	-0.010031
2859.000000	-0.008242	0.001506	-0.009749
2869.000000	-0.007937	0.001517	-0.009454
2879.000000	-0.007631	0.001527	-0.009158
2889.000000	-0.007337	0.001538	-0.008875
2899.000000	-0.007031	0.001549	-0.008580
2909.000000	-0.006725	0.001559	-0.008284
2919.000000	-0.006418	0.001570	-0.007988
2929.000000	-0.006111	0.001581	-0.007692
2939.000000	-0.005804	0.001592	-0.007395
2949.000000	-0.005497	0.001603	-0.007099
2959.000000	-0.005177	0.001613	-0.006790
2969.000000	-0.004869	0.001624	-0.006493
2979.000000	-0.004561	0.001635	-0.006196
2989.000000	-0.004241	0.001646	-0.005887
2999.000000	-0.003933	0.001657	-0.005590
3009.000000	-0.003612	0.001668	-0.005280
3019.000000	-0.003303	0.001679	-0.004983
3029.000000	-0.002982	0.001691	-0.004673
3039.000000	-0.002661	0.001702	-0.004363
3049.000000	-0.002352	0.001713	-0.004065
3059.000000	-0.002031	0.001724	-0.003755
3069.000000	-0.001709	0.001736	-0.003445
3079.000000	-0.001388	0.001747	-0.003134
3089.000000	-0.001066	0.001758	-0.002824
3099.000000	-0.000731	0.001770	-0.002501
3109.000000	-0.000409	0.001781	-0.002191
3119.000000	-0.000087	0.001793	-0.001880
3129.000000	0.000247	0.001804	-0.001557
3139.000000	0.000569	0.001816	-0.001246
3149.000000	0.000904	0.001827	-0.000923
3159.000000	0.001226	0.001839	-0.000612
3169.000000	0.001561	0.001851	-0.000289
3179.000000	0.001896	0.001862	0.000034
3189.000000	0.002231	0.001874	0.000357
3199.000000	0.002566	0.001886	0.000680
3209.000000	0.002901	0.001898	0.001003
3219.000000	0.003236	0.001909	0.001327
3229.000000	0.003571	0.001921	0.001650
3239.000000	0.003906	0.001933	0.001973
3249.000000	0.004253	0.001945	0.002308
3259.000000	0.004588	0.001957	0.002631
3269.000000	0.004936	0.001969	0.002966
3279.000000	0.005270	0.001981	0.003289
3289.000000	0.005618	0.001993	0.003624
3299.000000	0.005965	0.002005	0.003959
3309.000000	0.006312	0.002018	0.004294
3319.000000	0.006659	0.002030	0.004629
3329.000000	0.007006	0.002042	0.004964
3339.000000	0.007353	0.002054	0.005298
3349.000000	0.007700	0.002067	0.005633
3359.000000	0.008046	0.002079	0.005967
3369.000000	0.008405	0.002091	0.006314
3379.000000	0.008751	0.002104	0.006647
3389.000000	0.009110	0.002116	0.006994
3399.000000	0.009468	0.002129	0.007340
3409.000000	0.009814	0.002141	0.007673
3419.000000	0.010172	0.002154	0.008018
3429.000000	0.010530	0.002167	0.008364
3439.000000	0.010888	0.002179	0.008709
3449.000000	0.011258	0.002192	0.009066
3459.000000	0.011615	0.002205	0.009410
3469.000000	0.011972	0.002217	0.009754
3479.000000	0.012341	0.002230	0.010111
3489.000000	0.012697	0.002243	0.010454
3499.000000	0.013066	0.002256	0.010810
3509.000000	0.013434	0.002269	0.011165
3519.000000	0.013802	0.002282	0.011520
3529.000000	0.014169	0.002295	0.011875
3539.000000	0.014537	0.002308	0.012229
3549.000000	0.014903	0.002321	0.012583
3559.000000	0.015270	0.002334	0.012936
3569.000000	0.015648	0.002347	0.013301
3579.000000	0.016014	0.002360	0.013654
3589.000000	0.016392	0.002374	0.014018
3599.000000	0.016769	0.002387	0.014382
3609.000000	0.017133	0.002400	0.014733
3619.000000	0.017509	0.002413	0.015096
3629.000000	0.017897	0.002427	0.015471
3639.000000	0.018273	0.002440	0.015832
3649.000000	0.018647	0.002454	0.016194
3659.000000	0.019022	0.002467	0.016555
3669.000000	0.019407	0.002481	0.016927
3679.000000	0.019793	0.002494	0.017298
3689.000000	0.020177	0.002508	0.017670
3699.000000	0.020549	0.002521	0.018028
3709.000000	0.020933	0.002535	0.018398
3719.000000	0.021327	0.002549	0.018779
3729.000000	0.021710	0.002562	0.019147
3739.000000	0.022091	0.002576	0.019515
3749.000000	0.022484	0.002590	0.019894
3759.000000	0.022876	0.002604	0.020272
3769.000000	0.023256	0.002618	0.020638
3779.000000	0.023646	0.002632	0.021015
3789.000000	0.024036	0.002645	0.021390
3799.000000	0.024425	0.002659	0.021766
3809.000000	0.024825	0.002673	0.022151
3819.000000	0.025212	0.002688	0.022525
3829.000000	0.025611	0.002702	0.022909
3839.000000	0.026008	0.002716	0.023292
3849.000000	0.026393	0.002730	0.023663
3859.000000	0.026789	0.002744	0.024044
3869.000000	0.027183	0.002758	0.024425
3879.000000	0.027589	0.002773	0.024816
3889.000000	0.027981	0.002787	0.025194
3899.000000	0.028384	0.002801	0.025583
3909.000000	0.028775	0.002816	0.025960
3919.000000	0.029176	0.002830	0.026346
3929.000000	0.029576	0.002845	0.026732
3939.000000	0.029975	0.002859	0.027116
3949.000000	0.030384	0.002874	0.027511
3959.000000	0.030781	0.002888	0.027893
3969.000000	0.031188	0.002903	0.028285
3979.000000	0.031582	0.002917	0.028665
3989.000000	0.031986	0.002932	0.029054
3999.000000	0.032389	0.002947	0.029443
4009.000000	0.032802	0.002962	0.029840
4019.000000	0.033202	0.002976	0.030226
4029.000000	0.033601	0.002991	0.030610
4039.000000	0.034010	0.003006	0.031004
4049.000000	0.034417	0.003021	0.031396
4059.000000	0.034823	0.003036	0.031787
4069.000000	0.035227	0.003051	0.032176
4079.000000	0.035630	0.003066	0.032564
4089.000000	0.036042	0.003081	0.032961
4099.000000	0.036452	0.003096	0.033356
4109.000000	0.036850	0.003111	0.033739
4119.000000	0.037257	0.003126	0.034131
4129.000000	0.037673	0.003142	0.034531
4139.000000	0.038076	0.003157	0.034920
4149.000000	0.038478	0.003172	0.035306
4159.000000	0.038889	0.003187	0.035701
4169.000000	0.039297	0.003203	0.036095
4179.000000	0.039704	0.003218	0.036486
4189.000000	0.040109	0.003233	0.036876
4199.000000	0.040522	0.003249	0.037273
4209.000000	0.040923	0.003264	0.037659
4219.000000	0.041332	0.003280	0.038052
4229.000000	0.041739	0.003296	0.038444
4239.000000	0.042144	0.003311	0.038833
4249.000000	0.042547	0.003327	0.039220
4259.000000	0.042957	0.003342	0.039615
4269.000000	0.043355	0.003358	0.039997
4279.000000	0.043761	0.003374	0.040387
4289.000000	0.044165	0.003390	0.040775
4299.000000	0.044566	0.003406	0.041160
4309.000000	0.044974	0.003421	0.041553
4319.000000	0.045371	0.003437	0.041933
4329.000000	0.045774	0.003453	0.042321
4339.000000	0.046175	0.003469	0.042705
4349.000000	0.046573	0.003485	0.043087
4359.000000	0.046968	0.003501	0.043467
4369.000000	0.047370	0.003517	0.043853
4379.000000	0.047760	0.003533	0.044227
4389.000000	0.048157	0.003550	0.044607
4399.000000	0.048550	0.003566	0.044984
4409.000000	0.048950	0.003582	0.045368
4419.000000	0.049337	0.003598	0.045739
4429.000000	0.049731	0.003615	0.046116
4439.000000	0.050113	0.003631	0.046482
4449.000000	0.050509	0.003647	0.046861
4459.000000	0.050893	0.003664	0.047229
4469.000000	0.051274	0.003680	0.047593
4479.000000	0.051660	0.003697	0.047963
4489.000000	0.052034	0.003713	0.048321
4499.000000	0.052414	0.003730	0.048684
4509.000000	0.052798	0.003746	0.049051
4519.000000	0.053170	0.003763	0.049407
4529.000000	0.053539	0.003780	0.049760
4539.000000	0.053913	0.003796	0.050116
4549.000000	0.054282	0.003813	0.050469
4559.000000	0.054648	0.003830	0.050818
4569.000000	0.055010	0.003847	0.051164
4579.000000	0.055376	0.003864	0.051513
4589.000000	0.055738	0.003880	0.051858
4599.000000	0.056089	0.003897	0.052192
4609.000000	0.056443	0.003914	0.052529
4619.000000	0.056793	0.003931	0.052862
4629.000000	0.057146	0.003948	0.053198
4639.000000	0.057488	0.003966	0.053522
4649.000000	0.057832	0.003983	0.053850
4659.000000	0.058173	0.004000	0.054173
4669.000000	0.058508	0.004017	0.054492
4679.000000	0.058840	0.004034	0.054806
4689.000000	0.059167	0.004051	0.055116
4699.000000	0.059496	0.004069	0.055427
4709.000000	0.059814	0.004086	0.055728
4719.000000	0.060134	0.004103	0.056030
4729.000000	0.060449	0.004121	0.056328
4739.000000	0.060759	0.004138	0.056621
4749.000000	0.061065	0.004156	0.056909
4759.000000	0.061372	0.004173	0.057198
4769.000000	0.061668	0.004191	0.057477
4779.000000	0.061964	0.004208	0.057756
4789.000000	0.062256	0.004226	0.058030
4799.000000	0.062542	0.004244	0.058299
4809.000000	0.062824	0.004261	0.058562
4819.000000	0.063100	0.004279	0.058821
4829.000000	0.063371	0.004297	0.059074
4839.000000	0.063637	0.004315	0.059323
4849.000000	0.063903	0.004333	0.059570
4859.000000	0.064159	0.004351	0.059808
4869.000000	0.064414	0.004368	0.060045
4879.000000	0.064663	0.004386	0.060277
4889.000000	0.064902	0.004404	0.060498
4899.000000	0.065141	0.004422	0.060718
4909.000000	0.065374	0.004441	0.060933
4919.000000	0.065601	0.004459	0.061143
4929.000000	0.065823	0.004477	0.061346
4939.000000	0.066039	0.004495	0.061544
4949.000000	0.066250	0.004513	0.061737
4959.000000	0.066459	0.004531	0.061927
4969.000000	0.066658	0.004550	0.062108
4979.000000	0.066851	0.004568	0.062283
4989.000000	0.067039	0.004586	0.062453
4999.000000	0.067224	0.004605	0.062620
5009.000000	0.067401	0.004623	0.062777
5019.000000	0.067571	0.004642	0.062930
5029.000000	0.067739	0.004660	0.063079
5039.000000	0.067898	0.004679	0.063219
5049.000000	0.068054	0.004697	0.063356
5059.000000	0.068201	0.004716	0.063485
5069.000000	0.068342	0.004735	0.063608
5079.000000	0.068478	0.004753	0.063725
5089.000000	0.068610	0.004772	0.063838
5099.000000	0.068734	0.004791	0.063943
5109.000000	0.068852	0.004810	0.064042
5119.000000	0.068964	0.004829	0.064136
5129.000000	0.069071	0.004847	0.064223
5139.000000	0.069171	0.004866	0.064305
5149.000000	0.069266	0.004885	0.064380
5159.000000	0.069354	0.004904	0.064450
5169.000000	0.069437	0.004923	0.064514
5179.000000	0.069514	0.004942	0.064572
5189.000000	0.069584	0.004962	0.064623
5199.000000	0.069649	0.004981	0.064669
5209.000000	0.069708	0.005000	0.064708
5219.000000	0.069762	0.005019	0.064742
5229.000000	0.069809	0.005038	0.064770
5239.000000	0.069850	0.005058	0.064792
5249.000000	0.069886	0.005077	0.064809
5259.000000	0.069916	0.005096	0.064820
5269.000000	0.069940	0.005116	0.064825
5279.000000	0.069959	0.005135	0.064824
5289.000000	0.069972	0.005155	0.064818
5299.000000	0.069980	0.005174	0.064806
5309.000000	0.069982	0.005194	0.064789
5319.000000	0.069979	0.005213	0.064765
5329.000000	0.069970	0.005233	0.064737
5339.000000	0.069957	0.005253	0.064704
5349.000000	0.069937	0.005272	0.064665
5359.000000	0.069912	0.005292	0.064620
5369.000000	0.069883	0.005312	0.064571
5379.000000	0.069848	0.005332	0.064517
5389.000000	0.069809	0.005351	0.064457
5399.000000	0.069764	0.005371	0.064393
5409.000000	0.069714	0.005391	0.064323
5419.000000	0.069660	0.005411	0.064249
5429.000000	0.069600	0.005431	0.064169
5439.000000	0.069536	0.005451	0.064085
5449.000000	0.069468	0.005471	0.063996
5459.000000	0.069394	0.005491	0.063903
5469.000000	0.069318	0.005511	0.063806
5479.000000	0.069235	0.005532	0.063703
5489.000000	0.069149	0.005552	0.063597
5499.000000	0.069058	0.005572	0.063486
5509.000000	0.068963	0.005592	0.063371
5519.000000	0.068863	0.005613	0.063251
5529.000000	0.068762	0.005633	0.063129
5539.000000	0.068653	0.005653	0.062999
5549.000000	0.068542	0.005674	0.062868
5559.000000	0.068427	0.005694	0.062732
5569.000000	0.068307	0.005715	0.062592
5579.000000	0.068186	0.005735	0.062451
5589.000000	0.068058	0.005756	0.062302
5599.000000	0.067929	0.005777	0.062152
5609.000000	0.067796	0.005797	0.061998
5619.000000	0.067658	0.005818	0.061840
5629.000000	0.067516	0.005839	0.061678
5639.000000	0.067375	0.005859	0.061515
5649.000000	0.067225	0.005880	0.061344
5659.000000	0.067075	0.005901	0.061174
5669.000000	0.066921	0.005922	0.060999
5679.000000	0.066767	0.005943	0.060825
5689.000000	0.066606	0.005964	0.060642
5699.000000	0.066445	0.005985	0.060460
5709.000000	0.066280	0.006006	0.060274
5719.000000	0.066112	0.006027	0.060085
5729.000000	0.065940	0.006048	0.059892
5739.000000	0.065764	0.006069	0.059695
5749.000000	0.065590	0.006090	0.059499
5759.000000	0.065412	0.006111	0.059300
5769.000000	0.065230	0.006133	0.059098
5779.000000	0.065046	0.006154	0.058892
5789.000000	0.064857	0.006175	0.058682
5799.000000	0.064671	0.006197	0.058474
5809.000000	0.064476	0.006218	0.058258
5819.000000	0.064283	0.006239	0.058044
5829.000000	0.064087	0.006261	0.057826
5839.000000	0.063894	0.006282	0.057611
5849.000000	0.063691	0.006304	0.057387
5859.000000	0.063492	0.006326	0.057166
5869.000000	0.063283	0.006347	0.056936
5879.000000	0.063078	0.006369	0.056709
5889.000000	0.062869	0.006390	0.056478
5899.000000	0.062663	0.006412	0.056251
5909.000000	0.062449	0.006434	0.056015
5919.000000	0.062238	0.006456	0.055782
5929.000000	0.062024	0.006478	0.055546
5939.000000	0.061807	0.006499	0.055308
5949.000000	0.061588	0.006521	0.055067
5959.000000	0.061366	0.006543	0.054823
5969.000000	0.061148	0.006565	0.054582
5979.000000	0.060920	0.006587	0.054333
5989.000000	0.060697	0.006609	0.054088
5999.000000	0.060471	0.006631	0.053840
6009.000000	0.060243	0.006654	0.053589
6019.000000	0.060012	0.006676	0.053336
6029.000000	0.059786	0.006698	0.053088
6039.000000	0.059550	0.006720	0.052830
6049.000000	0.059319	0.006742	0.052576
6059.000000	0.059085	0.006765	0.052321
6069.000000	0.058850	0.006787	0.052063
6079.000000	0.058612	0.006809	0.051802
6089.000000	0.058379	0.006832	0.051547
6099.000000	0.058136	0.006854	0.051282
6109.000000	0.057899	0.006877	0.051022
6119.000000	0.057660	0.006899	0.050761
6129.000000	0.057419	0.006922	0.050497
6139.000000	0.057175	0.006945	0.050231
6149.000000	0.056930	0.006967	0.049962
6159.000000	0.056690	0.006990	0.049700
6169.000000	0.056440	0.007013	0.049428
6179.000000	0.056197	0.007035	0.049161
6189.000000	0.055951	0.007058	0.048893
6199.000000	0.055704	0.007081	0.048623
6209.000000	0.055454	0.007104	0.048350
6219.000000	0.055203	0.007127	0.048076
6229.000000	0.054950	0.007150	0.047800
6239.000000	0.054703	0.007173	0.047530
6249.000000	0.054455	0.007196	0.047259
6259.000000	0.054196	0.007219	0.046977
6269.000000	0.053944	0.007242	0.046702
6279.000000	0.053691	0.007265	0.046426
6289.000000	0.053444	0.007288	0.046156
6299.000000	0.053187	0.007311	0.045876
6309.000000	0.052928	0.007335	0.045594
6319.000000	0.052677	0.007358	0.045319
6329.000000	0.052424	0.007381	0.045043
6339.000000	0.052160	0.007404	0.044756
6349.000000	0.051904	0.007428	0.044476
6359.000000	0.051646	0.007451	0.044195
6369.000000	0.051396	0.007475	0.043922
6379.000000	0.051136	0.007498	0.043637
6389.000000	0.050873	0.007522	0.043352
6399.000000	0.050619	0.007545	0.043074
6409.000000	0.050363	0.007569	0.042794
6419.000000	0.050097	0.007593	0.042504
6429.000000	0.049838	0.007616	0.042222
6439.000000	0.049578	0.007640	0.041938
6449.000000	0.049317	0.007664	0.041653
6459.000000	0.049064	0.007687	0.041376
6469.000000	0.048800	0.007711	0.041089
6479.000000	0.048535	0.007735	0.040800
6489.000000	0.048278	0.007759	0.040519
6499.000000	0.048020	0.007783	0.040237
6509.000000	0.047751	0.007807	0.039944
6519.000000	0.047490	0.007831	0.039659
6529.000000	0.047228	0.007855	0.039373
6539.000000	0.046966	0.007879	0.039087
6549.000000	0.046711	0.007903	0.038808
6559.000000	0.046446	0.007927	0.038519
6569.000000	0.046180	0.007952	0.038228
6579.000000	0.045923	0.007976	0.037947
6589.000000	0.045654	0.008000	0.037654
6599.000000	0.045394	0.008024	0.037370
6609.000000	0.045134	0.008049	0.037085
6619.000000	0.044872	0.008073	0.036799
6629.000000	0.044610	0.008097	0.036512
6639.000000	0.044346	0.008122	0.036224
6649.000000	0.044081	0.008146	0.035935
6659.000000	0.043816	0.008171	0.035645
6669.000000	0.043559	0.008195	0.035364
6679.000000	0.043292	0.008220	0.035072
6689.000000	0.043034	0.008245	0.034789
6699.000000	0.042764	0.008269	0.034495
6709.000000	0.042504	0.008294	0.034210
6719.000000	0.042243	0.008319	0.033925
6729.000000	0.041982	0.008344	0.033638
6739.000000	0.041719	0.008368	0.033351
6749.000000	0.041456	0.008393	0.033063
6759.000000	0.041192	0.008418	0.032774
6769.000000	0.040927	0.008443	0.032484
6779.000000	0.040671	0.008468	0.032203
6789.000000	0.040405	0.008493	0.031912
6799.000000	0.040148	0.008518	0.031630
6809.000000	0.039880	0.008543	0.031337
6819.000000	0.039622	0.008568	0.031053
6829.000000	0.039363	0.008593	0.030769
6839.000000	0.039103	0.008619	0.030484
6849.000000	0.038843	0.008644	0.030199
6859.000000	0.038582	0.008669	0.029913
6869.000000	0.038320	0.008694	0.029625
6879.000000	0.038057	0.008720	0.029338
6889.000000	0.037794	0.008745	0.029049
6899.000000	0.037541	0.008770	0.028771
6909.000000	0.037277	0.008796	0.028481
6919.000000	0.037023	0.008821	0.028201
6929.000000	0.036757	0.008847	0.027910
6939.000000	0.036502	0.008872	0.027629
6949.000000	0.036246	0.008898	0.027348
6959.000000	0.035978	0.008924	0.027055
6969.000000	0.035721	0.008949	0.026772
6979.000000	0.035464	0.008975	0.026489
6989.000000	0.035205	0.009001	0.026205
6999.000000	0.034947	0.009027	0.025920
7009.000000	0.034687	0.009052	0.025635
7019.000000	0.034439	0.009078	0.025361
7029.000000	0.034179	0.009104	0.025074
7039.000000	0.033918	0.009130	0.024788
7049.000000	0.033668	0.009156	0.024512
7059.000000	0.033406	0.009182	0.024224
7069.000000	0.033155	0.009208	0.023947
7079.000000	0.032892	0.009234	0.023658
7089.000000	0.032640	0.009260	0.023380
7099.000000	0.032388	0.009286	0.023101
7109.000000	0.032135	0.009313	0.022822
7119.000000	0.031881	0.009339	0.022543
7129.000000	0.031628	0.009365	0.022263
7139.000000	0.031374	0.009391	0.021982
7149.000000	0.031119	0.009418	0.021702
7159.000000	0.030864	0.009444	0.021420
7169.000000	0.030609	0.009470	0.021138
7179.000000	0.030365	0.009497	0.020868
7189.000000	0.030109	0.009523	0.020585
7199.000000	0.029852	0.009550	0.020302
7209.000000	0.029607	0.009576	0.020030
7219.000000	0.029349	0.009603	0.019747
7229.000000	0.029104	0.009630	0.019474
7239.000000	0.028857	0.009656	0.019201
7249.000000	0.028599	0.009683	0.018916
7259.000000	0.028352	0.009710	0.018642
7269.000000	0.028105	0.009736	0.018368
7279.000000	0.027857	0.009763	0.018094
7289.000000	0.027609	0.009790	0.017819
7299.000000	0.027361	0.009817	0.017544
7309.000000	0.027113	0.009844	0.017269
7319.000000	0.026864	0.009871	0.016993
7329.000000	0.026615	0.009898	0.016717
7339.000000	0.026378	0.009925	0.016453
7349.000000	0.026128	0.009952	0.016176
7359.000000	0.025878	0.009979	0.015899
7369.000000	0.025640	0.010006	0.015634
7379.000000	0.025390	0.010033	0.015356
7389.000000	0.025151	0.010061	0.015090
7399.000000	0.024900	0.010088	0.014812
7409.000000	0.024661	0.010115	0.014546
7419.000000	0.024410	0.010142	0.014267
7429.000000	0.024170	0.010170	0.014000
7439.000000	0.023930	0.010197	0.013733
7449.000000	0.023690	0.010225	0.013466
7459.000000	0.023450	0.010252	0.013198
7469.000000	0.023210	0.010280	0.012930
7479.000000	0.022969	0.010307	0.012662
7489.000000	0.022729	0.010335	0.012394
7499.000000	0.022488	0.010362	0.012125
7509.000000	0.022247	0.010390	0.011857
7519.000000	0.022005	0.010418	0.011588
7529.000000	0.021764	0.010445	0.011318
7539.000000	0.021522	0.010473	0.011049
7549.000000	0.021293	0.010501	0.010792
7559.000000	0.021051	0.010529	0.010522
7569.000000	0.020821	0.010557	0.010264
7579.000000	0.020579	0.010585	0.009994
7589.000000	0.020349	0.010613	0.009736
7599.000000	0.020106	0.010641	0.009466
7609.000000	0.019876	0.010669	0.009208
7619.000000	0.019633	0.010697	0.008937
7629.000000	0.019403	0.010725	0.008678
7639.000000	0.019172	0.010753	0.008419
7649.000000	0.018942	0.010781	0.008161
7659.000000	0.018711	0.010809	0.007902
7669.000000	0.018468	0.010837	0.007630
7679.000000	0.018237	0.010866	0.007371
7689.000000	0.018005	0.010894	0.007111
7699.000000	0.017774	0.010922	0.006852
7709.000000	0.017543	0.010951	0.006592
7719.000000	0.017312	0.010979	0.006333
7729.000000	0.017093	0.011008	0.006085
7739.000000	0.016861	0.011036	0.005825
7749.000000	0.016630	0.011065	0.005565
7759.000000	0.016398	0.011093	0.005305
7769.000000	0.016179	0.011122	0.005057
7779.000000	0.015948	0.011151	0.004797
7789.000000	0.015716	0.011179	0.004537
7799.000000	0.015497	0.011208	0.004289
7809.000000	0.015265	0.011237	0.004028
7819.000000	0.015045	0.011266	0.003780
7829.000000	0.014814	0.011294	0.003519
7839.000000	0.014594	0.011323	0.003271
7849.000000	0.014362	0.011352	0.003010
7859.000000	0.014143	0.011381	0.002762
7869.000000	0.013924	0.011410	0.002514
7879.000000	0.013704	0.011439	0.002265
7889.000000	0.013472	0.011468	0.002004
7899.000000	0.013253	0.011497	0.001756
7909.000000	0.013034	0.011526	0.001507
7919.000000	0.012814	0.011556	0.001259
7929.000000	0.012595	0.011585	0.001010
7939.000000	0.012376	0.011614	0.000762
7949.000000	0.012156	0.011643	0.000513
7959.000000	0.011937	0.011673	0.000264
7969.000000	0.011718	0.011702	0.000016
7979.000000	0.011498	0.011731	-0.000233
7989.000000	0.011279	0.011761	-0.000481
7999.000000	0.011060	0.011790	-0.000730
8009.000000	0.010854	0.011820	-0.000966
8019.000000	0.010634	0.011849	-0.001215
8029.000000	0.010416	0.011879	-0.001463
8039.000000	0.010209	0.011908	-0.001699
8049.000000	0.009990	0.011938	-0.001948
8059.000000	0.009771	0.011968	-0.002196
8069.000000	0.009565	0.011997	-0.002432
8079.000000	0.009346	0.012027	-0.002681
8089.000000	0.009140	0.012057	-0.002917
8099.000000	0.008922	0.012087	-0.003165
8109.000000	0.008716	0.012117	-0.003401
8119.000000	0.008497	0.012147	-0.003649
8129.000000	0.008292	0.012177	-0.003885
8139.000000	0.008086	0.012207	-0.004121
8149.000000	0.007868	0.012237	-0.004369
8159.000000	0.007662	0.012267	-0.004604
8169.000000	0.007457	0.012297	-0.004840
8179.000000	0.007251	0.012327	-0.005075
8189.000000	0.007046	0.012357	-0.005311
8199.000000	0.006829	0.012387	-0.005559
8209.000000	0.006624	0.012417	-0.005794
8219.000000	0.006419	0.012448	-0.006029
8229.000000	0.006214	0.012478	-0.006264
8239.000000	0.006009	0.012508	-0.006499
8249.000000	0.005805	0.012539	-0.006734
8259.000000	0.005600	0.012569	-0.006969
8269.000000	0.005396	0.012600	-0.007204
8279.000000	0.005192	0.012630	-0.007438
8289.000000	0.005000	0.012661	-0.007661
8299.000000	0.004796	0.012691	-0.007895
8309.000000	0.004592	0.012722	-0.008129
8319.000000	0.004389	0.012752	-0.008364
8329.000000	0.004185	0.012783	-0.008598
8339.000000	0.003994	0.012814	-0.008819
8349.000000	0.003791	0.012845	-0.009053
8359.000000	0.003588	0.012875	-0.009287
8369.000000	0.003398	0.012906	-0.009509
8379.000000	0.003195	0.012937	-0.009742
8389.000000	0.002992	0.012968	-0.009976
8399.000000	0.002802	0.012999	-0.010197
8409.000000	0.002600	0.013030	-0.010430
8419.000000	0.002410	0.013061	-0.010650
8429.000000	0.002209	0.013092	-0.010883
8439.000000	0.002019	0.013123	-0.011104
8449.000000	0.001830	0.013154	-0.011324
8459.000000	0.001629	0.013185	-0.011557
8469.000000	0.001440	0.013216	-0.011777
8479.000000	0.001251	0.013248	-0.011997
8489.000000	0.001050	0.013279	-0.012229
8499.000000	0.000862	0.013310	-0.012448
8509.000000	0.000674	0.013342	-0.012668
8519.000000	0.000474	0.013373	-0.012899
8529.000000	0.000286	0.013404	-0.013119
8539.000000	0.000098	0.013436	-0.013338
8549.000000	-0.000089	0.013467	-0.013557
8559.000000	-0.000276	0.013499	-0.013775
8569.000000	-0.000463	0.013530	-0.013994
8579.000000	-0.000650	0.013562	-0.014212
8589.000000	-0.000837	0.013594	-0.014430
8599.000000	-0.001023	0.013625	-0.014648
8609.000000	-0.001209	0.013657	-0.014866
8619.000000	-0.001395	0.013689	-0.015084
8629.000000	-0.001581	0.013721	-0.015301
8639.000000	-0.001766	0.013752	-0.015519
8649.000000	-0.001952	0.013784	-0.015736
8659.000000	-0.002137	0.013816	-0.015953
8669.000000	-0.002322	0.013848	-0.016170
8679.000000	-0.002506	0.013880	-0.016386
8689.000000	-0.002691	0.013912	-0.016603
8699.000000	-0.002863	0.013944	-0.016807
8709.000000	-0.003047	0.013976	-0.017023
8719.000000	-0.003230	0.014008	-0.017239
8729.000000	-0.003414	0.014040	-0.017454
8739.000000	-0.003585	0.014073	-0.017658
8749.000000	-0.003768	0.014105	-0.017873
8759.000000	-0.003951	0.014137	-0.018088
8769.000000	-0.004121	0.014169	-0.018291
8779.000000	-0.004303	0.014202	-0.018505
8789.000000	-0.004473	0.014234	-0.018707
8799.000000	-0.004655	0.014267	-0.018922
8809.000000	-0.004825	0.014299	-0.019124
8819.000000	-0.005006	0.014331	-0.019337
8829.000000	-0.005175	0.014364	-0.019539
8839.000000	-0.005356	0.014397	-0.019752
8849.000000	-0.005524	0.014429	-0.019953
8859.000000	-0.005704	0.014462	-0.020166
8869.000000	-0.005872	0.014494	-0.020367
8879.000000	-0.006052	0.014527	-0.020579
8889.000000	-0.006219	0.014560	-0.020779
8899.000000	-0.006387	0.014593	-0.020979
8909.000000	-0.006565	0.014625	-0.021191
8919.000000	-0.006732	0.014658	-0.021390
8929.000000	-0.006899	0.014691	-0.021590
8939.000000	-0.007065	0.014724	-0.021789
8949.000000	-0.007242	0.014757	-0.022000
8959.000000	-0.007408	0.014790	-0.022198
8969.000000	-0.007574	0.014823	-0.022397
8979.000000	-0.007739	0.014856	-0.022595
8989.000000	-0.007903	0.014889	-0.022793
8999.000000	-0.008080	0.014922	-0.023002
9009.000000	-0.008244	0.014956	-0.023199
9019.000000	-0.008408	0.014989	-0.023397
9029.000000	-0.008572	0.015022	-0.023594
9039.000000	-0.008735	0.015055	-0.023790
9049.000000	-0.008898	0.015089	-0.023987
9059.000000	-0.009061	0.015122	-0.024183
9069.000000	-0.009223	0.015155	-0.024379
9079.000000	-0.009386	0.015189	-0.024575
9089.000000	-0.009548	0.015222	-0.024770
9099.000000	-0.009709	0.015256	-0.024965
9109.000000	-0.009871	0.015289	-0.025160
9119.000000	-0.010032	0.015323	-0.025355
9129.000000	-0.010192	0.015357	-0.025549
9139.000000	-0.010353	0.015390	-0.025743
9149.000000	-0.010501	0.015424	-0.025925
9159.000000	-0.010661	0.015458	-0.026119
9169.000000	-0.010821	0.015492	-0.026312
9179.000000	-0.010980	0.015525	-0.026505
9189.000000	-0.011139	0.015559	-0.026698
9199.000000	-0.011286	0.015593	-0.026879
9209.000000	-0.011444	0.015627	-0.027071
9219.000000	-0.011602	0.015661	-0.027263
9229.000000	-0.011760	0.015695	-0.027455
9239.000000	-0.011906	0.015729	-0.027635
9249.000000	-0.012063	0.015763	-0.027826
9259.000000	-0.012219	0.015797	-0.028016
9269.000000	-0.012364	0.015831	-0.028196
9279.000000	-0.012520	0.015865	-0.028386
9289.000000	-0.012676	0.015900	-0.028575
9299.000000	-0.012820	0.015934	-0.028754
9309.000000	-0.012975	0.015968	-0.028943
9319.000000	-0.013118	0.016003	-0.029121
9329.000000	-0.013273	0.016037	-0.029310
9339.000000	-0.013415	0.016071	-0.029487
9349.000000	-0.013569	0.016106	-0.029675
9359.000000	-0.013711	0.016140	-0.029851
9369.000000	-0.013864	0.016175	-0.030039
9379.000000	-0.014006	0.016209	-0.030215
9389.000000	-0.014158	0.016244	-0.030402
9399.000000	-0.014299	0.016278	-0.030577
9409.000000	-0.014450	0.016313	-0.030763
9419.000000	-0.014591	0.016348	-0.030938
9429.000000	-0.014730	0.016383	-0.031113
9439.000000	-0.014881	0.016417	-0.031298
9449.000000	-0.015020	0.016452	-0.031472
9459.000000	-0.015170	0.016487	-0.031657
9469.000000	-0.015308	0.016522	-0.031830
9479.000000	-0.015447	0.016557	-0.032003
9489.000000	-0.015595	0.016592	-0.032187
9499.000000	-0.015733	0.016627	-0.032359
9509.000000	-0.015870	0.016662	-0.032532
9519.000000	-0.016007	0.016697	-0.032703
9529.000000	-0.016154	0.016732	-0.032886
9539.000000	-0.016290	0.016767	-0.033057
9549.000000	-0.016426	0.016802	-0.033228
9559.000000	-0.016561	0.016837	-0.033398
9569.000000	-0.016696	0.016873	-0.033569
9579.000000	-0.016841	0.016908	-0.033749
9589.000000	-0.016976	0.016943	-0.033919
9599.000000	-0.017110	0.016979	-0.034088
9609.000000	-0.017243	0.017014	-0.034257
9619.000000	-0.017377	0.017049	-0.034426
9629.000000	-0.017509	0.017085	-0.034594
9639.000000	-0.017642	0.017120	-0.034762
9649.000000	-0.017774	0.017156	-0.034930
9659.000000	-0.017906	0.017192	-0.035097
9669.000000	-0.018037	0.017227	-0.035265
9679.000000	-0.018168	0.017263	-0.035431
9689.000000	-0.018299	0.017299	-0.035598
9699.000000	-0.018429	0.017334	-0.035764
9709.000000	-0.018559	0.017370	-0.035929
9719.000000	-0.018689	0.017406	-0.036095
9729.000000	-0.018818	0.017442	-0.036260
9739.000000	-0.018947	0.017478	-0.036424
9749.000000	-0.019075	0.017513	-0.036589
9759.000000	-0.019203	0.017549	-0.036753
9769.000000	-0.019331	0.017585	-0.036916
9779.000000	-0.019458	0.017621	-0.037080
9789.000000	-0.019585	0.017657	-0.037243
9799.000000	-0.019712	0.017694	-0.037405
9809.000000	-0.019838	0.017730	-0.037568
9819.000000	-0.019964	0.017766	-0.037729
9829.000000	-0.020079	0.017802	-0.037881
9839.000000	-0.020204	0.017838	-0.038042
9849.000000	-0.020328	0.017875	-0.038203
9859.000000	-0.020453	0.017911	-0.038364
9869.000000	-0.020576	0.017947	-0.038524
9879.000000	-0.020690	0.017984	-0.038673
9889.000000	-0.020813	0.018020	-0.038833
9899.000000	-0.020935	0.018056	-0.038992
9909.000000	-0.021058	0.018093	-0.039151
9919.000000	-0.021170	0.018130	-0.039299
9929.000000	-0.021291	0.018166	-0.039457
9939.000000	-0.021412	0.018203	-0.039615
9949.000000	-0.021533	0.018239	-0.039772
9959.000000	-0.021643	0.018276	-0.039919
9969.000000	-0.021763	0.018313	-0.040075
9979.000000	-0.021882	0.018350	-0.040232
9989.000000	-0.021991	0.018386	-0.040378
9999.000000	-0.022110	0.018423	-0.040533
10009.000000	-0.022218	0.018460	-0.040678
10019.000000	-0.022336	0.018497	-0.040833
10029.000000	-0.022453	0.018534	-0.040987
10039.000000	-0.022561	0.018571	-0.041132
10049.000000	-0.022677	0.018608	-0.041285
10059.000000	-0.022784	0.018645	-0.041429
10069.000000	-0.022899	0.018682	-0.041581
10079.000000	-0.023015	0.018719	-0.041734
10089.000000	-0.023120	0.018756	-0.041876
10099.000000	-0.023234	0.018793	-0.042028
10109.000000	-0.023339	0.018831	-0.042170
10119.000000	-0.023453	0.018868	-0.042321
10129.000000	-0.023556	0.018905	-0.042462
10139.000000	-0.023669	0.018943	-0.042612
10149.000000	-0.023772	0.018980	-0.042752
10159.000000	-0.023884	0.019017	-0.042901
10169.000000	-0.023986	0.019055	-0.043041
10179.000000	-0.024097	0.019092	-0.043189
10189.000000	-0.024198	0.019130	-0.043328
10199.000000	-0.024299	0.019168	-0.043467
10209.000000	-0.024409	0.019205	-0.043614
10219.000000	-0.024509	0.019243	-0.043752
10229.000000	-0.024618	0.019280	-0.043899
10239.000000	-0.024717	0.019318	-0.044036
10249.000000	-0.024816	0.019356	-0.044172
10259.000000	-0.024924	0.019394	-0.044318
10269.000000	-0.025022	0.019432	-0.044453
10279.000000	-0.025129	0.019469	-0.044598
10289.000000	-0.025226	0.019507	-0.044733
10299.000000	-0.025323	0.019545	-0.044868
10309.000000	-0.025428	0.019583	-0.045011
10319.000000	-0.025524	0.019621	-0.045145
10329.000000	-0.025620	0.019659	-0.045279
10339.000000	-0.025715	0.019697	-0.045412
10349.000000	-0.025818	0.019735	-0.045554
10359.000000	-0.025913	0.019774	-0.045686
10369.000000	-0.026006	0.019812	-0.045818
10379.000000	-0.026109	0.019850	-0.045959
10389.000000	-0.026202	0.019888	-0.046090
10399.000000	-0.026294	0.019927	-0.046221
10409.000000	-0.026387	0.019965	-0.046352
10419.000000	-0.026487	0.020003	-0.046490
10429.000000	-0.026578	0.020042	-0.046620
10439.000000	-0.026669	0.020080	-0.046749
10449.000000	-0.026760	0.020119	-0.046878
10459.000000	-0.026850	0.020157	-0.047007
10469.000000	-0.026948	0.020196	-0.047144
10479.000000	-0.027037	0.020234	-0.047272
10489.000000	-0.027126	0.020273	-0.047399
10499.000000	-0.027214	0.020312	-0.047526
10509.000000	-0.027302	0.020350	-0.047653
10519.000000	-0.027390	0.020389	-0.047779
10529.000000	-0.027485	0.020428	-0.047913
10539.000000	-0.027572	0.020467	-0.048038
10549.000000	-0.027658	0.020506	-0.048163
10559.000000	-0.027743	0.020545	-0.048288
10569.000000	-0.027829	0.020583	-0.048412
10579.000000	-0.027913	0.020622	-0.048536
10589.000000	-0.027998	0.020661	-0.048659
10599.000000	-0.028082	0.020700	-0.048782
10609.000000	-0.028165	0.020740	-0.048905
10619.000000	-0.028248	0.020779	-0.049027
10629.000000	-0.028339	0.020818	-0.049157
10639.000000	-0.028421	0.020857	-0.049278
10649.000000	-0.028503	0.020896	-0.049399
10659.000000	-0.028584	0.020936	-0.049520
10669.000000	-0.028665	0.020975	-0.049640
10679.000000	-0.028745	0.021014	-0.049760
10689.000000	-0.028825	0.021054	-0.049879
10699.000000	-0.028905	0.021093	-0.049998
10709.000000	-0.028984	0.021132	-0.050116
10719.000000	-0.029062	0.021172	-0.050234
10729.000000	-0.029141	0.021211	-0.050352
10739.000000	-0.029218	0.021251	-0.050469
10749.000000	-0.029295	0.021291	-0.050586
10759.000000	-0.029372	0.021330	-0.050702
10769.000000	-0.029448	0.021370	-0.050818
10779.000000	-0.029524	0.021410	-0.050934
10789.000000	-0.029600	0.021449	-0.051049
10799.000000	-0.029675	0.021489	-0.051164
10809.000000	-0.029741	0.021529	-0.051270
10819.000000	-0.029815	0.021569	-0.051384
10829.000000	-0.029889	0.021609	-0.051498
10839.000000	-0.029962	0.021649	-0.051611
10849.000000	-0.030035	0.021689	-0.051723
10859.000000	-0.030107	0.021729	-0.051835
10869.000000	-0.030179	0.021769	-0.051947
10879.000000	-0.030250	0.021809	-0.052059
10889.000000	-0.030321	0.021849	-0.052169
10899.000000	-0.030391	0.021889	-0.052280
