2434991.238100	1.774740	1.807565e+00	25896.616398	0.065466	0.601688	2418020.400442	70.719881	0.000000	0.000000	0.232987
2434989.462510	1.774741	1.392094e+00	26045.255562	0.064712	0.562968	2418086.192756	78.885179	0.000000	0.000000	0.234677
2434991.234895	1.774741	1.504604e+00	25892.490951	0.065376	0.568127	2418059.237396	74.852236	0.000000	0.000000	0.235247
2434989.459410	1.774742	8.564247e-01	25629.632209	0.065630	0.569027	2418106.806459	69.488001	0.000000	0.000000	0.237687
2434991.236259	1.774740	2.506985e+00	25730.414881	0.068095	0.562766	2418020.323415	72.002410	0.000000	0.000000	0.240457
2434991.236569	1.774740	2.924950e+00	25852.818346	0.064830	0.525614	2418022.025183	75.308382	0.000000	0.000000	0.240661
2434989.459739	1.774741	1.546628e+00	26219.612283	0.064047	0.556238	2418015.766090	79.823413	0.000000	0.000000	0.242990
2434991.231735	1.774740	3.491687e+00	26066.085887	0.067882	0.564992	2418106.490825	81.367439	0.000000	0.000000	0.245112
2434989.459369	1.774740	3.330035e+00	25691.840690	0.065760	0.572664	2418110.529422	74.263848	0.000000	0.000000	0.245394
2434991.234055	1.774740	3.025257e+00	26092.625887	0.065365	0.495586	2418047.090571	79.115239	0.000000	0.000000	0.245438
2434989.462912	1.774741	1.424297e+00	25654.283258	0.064194	0.597547	2418111.068838	71.722509	0.000000	0.000000	0.246891
2434989.467116	1.774740	1.373939e+00	25438.123411	0.063608	0.562064	2418103.894057	65.666051	0.000000	0.000000	0.247597
2434989.463501	1.774741	1.208484e+00	26036.110075	0.064194	0.649565	2418041.928201	72.529966	0.000000	0.000000	0.248243
2434989.464842	1.774740	1.046426e+00	25545.133975	0.063197	0.557760	2418056.122933	62.753553	0.000000	0.000000	0.248833
2434991.235592	1.774740	2.799855e+00	25813.508238	0.067297	0.603341	2418008.500421	72.602716	0.000000	0.000000	0.248990
2434989.457085	1.774741	2.144203e+00	25966.403741	0.063460	0.533337	2418109.892767	82.683108	0.000000	0.000000	0.250018
2434989.456630	1.774740	3.381420e+00	25724.221076	0.067864	0.450453	2418015.088760	77.440102	0.000000	0.000000	0.250437
2434991.239731	1.774740	1.275738e+00	25927.773744	0.065793	0.536260	2417982.512326	75.432807	0.000000	0.000000	0.250833
2434989.458404	1.774740	2.999057e+00	26139.486142	0.069299	0.553323	2418024.764130	81.457438	0.000000	0.000000	0.251137
2434991.237539	1.774741	1.605641e+00	26230.998958	0.064801	0.611309	2417998.249261	79.602629	0.000000	0.000000	0.251226
2434989.460026	1.774740	3.185554e+00	25639.740260	0.067209	0.548245	2418111.548675	72.813382	0.000000	0.000000	0.252386
2434991.230760	1.774741	2.185551e+00	25711.649221	0.065834	0.466534	2418074.438934	77.912707	0.000000	0.000000	0.252760
2434989.464100	1.774741	1.951525e+00	26268.629847	0.060611	0.606806	2418009.284178	81.020184	0.000000	0.000000	0.252961
2434989.456335	1.774742	8.522394e-01	25209.347943	0.065096	0.538469	2418015.854788	60.255440	0.000000	0.000000	0.253464
2434989.464716	1.774740	2.343903e+00	25673.592881	0.066059	0.609815	2417983.570657	68.960618	0.000000	0.000000	0.253490
2434989.460401	1.774741	2.484327e+00	26112.307948	0.067092	0.557215	2418035.263614	80.576839	0.000000	0.000000	0.253680
2434989.464227	1.774741	1.367008e+00	25979.406553	0.061662	0.551589	2417961.320561	70.825776	0.000000	0.000000	0.254165
2434991.239811	1.774739	2.571687e+00	25746.030758	0.065949	0.567383	2418054.426224	72.648517	0.000000	0.000000	0.255197
2434991.234721	1.774741	2.976621e+00	26231.159835	0.064391	0.628859	2417956.824606	77.932213	0.000000	0.000000	0.256086
2434991.237987	1.774741	1.374979e+00	26046.313861	0.060677	0.640600	2418070.387718	77.234228	0.000000	0.000000	0.256207
2434991.234873	1.774741	9.256692e-01	25593.439769	0.067627	0.487701	2418047.783040	67.704682	0.000000	0.000000	0.256210
2434991.240644	1.774740	8.526458e-01	25637.686926	0.065013	0.617489	2417986.162778	60.483824	0.000000	0.000000	0.256298
2434991.237271	1.774741	1.711291e+00	25739.163576	0.062192	0.601579	2417950.926283	71.721963	0.000000	0.000000	0.256319
2434989.467236	1.774740	1.339491e+00	26229.928771	0.062543	0.564965	2417987.591486	76.967700	0.000000	0.000000	0.256339
2434991.232654	1.774741	1.851462e+00	26228.026820	0.064021	0.502703	2418045.897201	80.758970	0.000000	0.000000	0.256868
2434991.236121	1.774740	2.993853e+00	25818.816643	0.068307	0.483339	2418002.970757	78.073432	0.000000	0.000000	0.256915
2434991.231826	1.774740	3.200472e+00	26215.780326	0.068448	0.559278	2417955.765547	83.683023	0.000000	0.000000	0.257057
2434989.461900	1.774740	2.453919e+00	25647.696417	0.064212	0.490100	2418031.521668	71.757015	0.000000	0.000000	0.257372
2434989.465627	1.774739	3.149267e+00	25771.099638	0.065827	0.589989	2418068.790516	72.200741	0.000000	0.000000	0.257788
2434991.232627	1.774740	2.954376e+00	25588.450322	0.068028	0.466707	2418028.999223	74.209038	0.000000	0.000000	0.258092
2434989.458131	1.774742	1.730160e+00	26188.637380	0.064077	0.621618	2417971.186506	79.197081	0.000000	0.000000	0.258316
2434991.236713	1.774740	2.565870e+00	25275.045650	0.065993	0.575372	2418005.502056	64.049506	0.000000	0.000000	0.258422
2434991.236503	1.774742	1.364096e+00	26198.212819	0.061241	0.608242	2418097.396460	79.816289	0.000000	0.000000	0.258447
2434989.458359	1.774740	3.369540e+00	25837.958307	0.063108	0.556751	2418085.316761	76.434619	0.000000	0.000000	0.259048
2434991.235588	1.774741	1.473847e+00	25803.557624	0.064113	0.604652	2418089.629331	67.652515	0.000000	0.000000	0.259062
2434989.457962	1.774740	2.819224e+00	25846.291143	0.063450	0.486942	2417987.688995	73.862689	0.000000	0.000000	0.259455
2434989.461273	1.774740	1.482144e+00	26179.543608	0.066467	0.512652	2418051.912260	76.745242	0.000000	0.000000	0.259653
2434991.236989	1.774741	1.836783e+00	25216.937807	0.068188	0.559546	2418068.993615	63.981922	0.000000	0.000000	0.260113
2434989.465310	1.774741	1.045295e+00	25012.723092	0.064729	0.537088	2418011.919846	59.007426	0.000000	0.000000	0.260326
2434989.462042	1.774740	3.095779e+00	26199.336666	0.067937	0.581079	2417987.454634	83.528945	0.000000	0.000000	0.260905
2434991.235892	1.774741	1.580619e+00	25286.771884	0.063620	0.493267	2418001.661711	62.391017	0.000000	0.000000	0.261072
2434991.232448	1.774741	2.388939e+00	25452.586358	0.064055	0.524986	2417962.167405	66.124636	0.000000	0.000000	0.261098
2434989.460081	1.774741	2.233256e+00	26499.628234	0.066159	0.536581	2417963.812426	85.955561	0.000000	0.000000	0.261217
2434989.462409	1.774740	3.040010e+00	25595.979138	0.066287	0.588644	2418088.190667	71.904280	0.000000	0.000000	0.261335
2434989.459828	1.774740	3.464879e+00	25975.004120	0.065895	0.590538	2418087.335592	79.534273	0.000000	0.000000	0.261351
2434991.233559	1.774741	1.709070e+00	25854.262108	0.067214	0.515256	2418015.675502	77.055558	0.000000	0.000000	0.261505
2434989.460969	1.774741	1.764305e+00	25367.968126	0.064199	0.539410	2418032.009264	62.600449	0.000000	0.000000	0.261558
2434991.234206	1.774741	1.705703e+00	25794.523478	0.063328	0.545706	2418107.528672	75.172180	0.000000	0.000000	0.261665
2434991.239571	1.774740	2.182265e+00	25881.135215	0.061718	0.559965	2417988.758031	77.446624	0.000000	0.000000	0.261789
2434989.464329	1.774740	1.964504e+00	25602.105876	0.063825	0.533296	2417966.502350	67.743742	0.000000	0.000000	0.261809
2434989.457459	1.774742	1.048439e+00	25339.210522	0.066898	0.574446	2417982.505655	63.504124	0.000000	0.000000	0.262078
2434991.237515	1.774740	1.524390e+00	25844.172028	0.064660	0.505449	2418075.586129	78.472878	0.000000	0.000000	0.262136
2434991.231857	1.774740	2.221867e+00	25805.947295	0.065851	0.451146	2418016.451698	77.526764	0.000000	0.000000	0.262249
2434991.242281	1.774740	1.471674e+00	25382.647354	0.063528	0.537087	2418100.379508	64.164475	0.000000	0.000000	0.262366
2434989.465148	1.774740	1.989672e+00	26456.317635	0.062083	0.578800	2418034.483933	83.878468	0.000000	0.000000	0.262551
2434991.238335	1.774740	2.155204e+00	26595.796380	0.065200	0.577369	2418046.165096	88.962613	0.000000	0.000000	0.262596
2434989.462903	1.774741	1.158981e+00	25013.316017	0.066743	0.533588	2417959.905422	55.484278	0.000000	0.000000	0.262614
2434989.458913	1.774740	2.424352e+00	26055.421373	0.064658	0.530560	2418036.062474	74.176892	0.000000	0.000000	0.262750
2434989.460361	1.774739	2.561367e+00	25841.512028	0.069123	0.485796	2418038.981452	72.755669	0.000000	0.000000	0.263022
2434989.456267	1.774741	2.508660e+00	25561.484328	0.064637	0.557712	2417982.396926	70.125357	0.000000	0.000000	0.263354
2434989.461801	1.774740	2.272051e+00	26148.867610	0.067750	0.594232	2418035.977679	73.217771	0.000000	0.000000	0.263471
2434989.462960	1.774740	2.401390e+00	26566.717503	0.065093	0.547705	2418034.470996	84.578127	0.000000	0.000000	0.263539
2434989.464417	1.774741	1.456161e+00	26176.987339	0.064698	0.590805	2418038.299452	75.995745	0.000000	0.000000	0.263818
2434991.239085	1.774741	8.919942e-01	25109.845291	0.067190	0.545574	2418014.720694	60.781290	0.000000	0.000000	0.264085
2434989.458210	1.774740	3.023948e+00	25873.142155	0.067021	0.520951	2418068.109695	77.602305	0.000000	0.000000	0.264105
2434991.232380	1.774739	3.391916e+00	26119.516143	0.069501	0.463447	2418034.346905	83.630127	0.000000	0.000000	0.264175
2434991.240198	1.774739	2.572951e+00	25648.485650	0.063820	0.491957	2418107.329773	73.459939	0.000000	0.000000	0.264423
2434991.232489	1.774740	3.361340e+00	26306.534356	0.062378	0.521227	2418103.363541	90.495849	0.000000	0.000000	0.264724
2434989.460428	1.774740	3.391163e+00	26419.679896	0.064473	0.546376	2417950.820186	86.819002	0.000000	0.000000	0.264761
2434989.460773	1.774741	1.642929e+00	25652.885356	0.060065	0.572448	2417996.816745	68.598201	0.000000	0.000000	0.264846
2434991.230414	1.774742	1.287456e+00	25971.420206	0.065355	0.535554	2417970.702566	71.698197	0.000000	0.000000	0.265145
2434989.462935	1.774740	2.072574e+00	26137.216583	0.066365	0.547815	2418082.062406	77.918837	0.000000	0.000000	0.265190
2434991.232499	1.774740	3.035429e+00	26177.164630	0.069295	0.546245	2417981.968262	83.717820	0.000000	0.000000	0.265474
2434991.236638	1.774741	2.046870e+00	26474.978528	0.061470	0.632532	2418079.656294	84.022456	0.000000	0.000000	0.265546
2434991.241474	1.774740	2.273331e+00	25494.714453	0.063031	0.597093	2418075.563650	67.004411	0.000000	0.000000	0.265748
2434991.240398	1.774740	2.028196e+00	25178.621574	0.064299	0.539923	2418016.554551	61.974193	0.000000	0.000000	0.266218
2434989.467806	1.774740	1.697277e+00	26071.927452	0.064068	0.608961	2418015.417991	74.294640	0.000000	0.000000	0.266230
2434991.231649	1.774741	1.442833e+00	25045.296699	0.066282	0.499097	2418088.925048	57.764658	0.000000	0.000000	0.266472
2434991.237238	1.774739	3.131483e+00	25778.497253	0.070240	0.540892	2418111.142671	76.750657	0.000000	0.000000	0.266733
2434991.233424	1.774741	1.315065e+00	25335.961865	0.061279	0.466259	2418037.573293	67.175361	0.000000	0.000000	0.267226
2434989.464893	1.774740	2.124087e+00	25665.312386	0.061792	0.510876	2417962.433151	73.133155	0.000000	0.000000	0.267302
2434991.236282	1.774742	1.178336e+00	25162.982794	0.064342	0.637563	2418062.466775	58.309124	0.000000	0.000000	0.267397
2434989.462684	1.774740	1.814489e+00	25562.833406	0.064166	0.492864	2418089.051851	65.931071	0.000000	0.000000	0.267427
2434991.239122	1.774740	1.565849e+00	25183.742254	0.067179	0.553979	2417949.444430	55.807076	0.000000	0.000000	0.267532
2434991.238569	1.774741	1.197633e+00	25651.876641	0.060701	0.609092	2418067.814365	72.277404	0.000000	0.000000	0.267578
2434989.458989	1.774740	1.509574e+00	25777.191283	0.067794	0.441806	2417948.706856	72.973900	0.000000	0.000000	0.267779
2434989.455565	1.774741	2.259737e+00	26436.180552	0.064524	0.466907	2418057.252289	88.431818	0.000000	0.000000	0.267786
2434991.243125	1.774740	1.373844e+00	25610.962311	0.065413	0.599916	2417975.018528	65.748114	0.000000	0.000000	0.267822
2434989.462529	1.774740	2.196979e+00	25534.270839	0.066520	0.451414	2417974.482205	68.970932	0.000000	0.000000	0.268034
2434989.455502	1.774741	2.858417e+00	26476.771991	0.063335	0.580073	2418054.115827	88.045830	0.000000	0.000000	0.268160
2434991.234016	1.774739	3.031087e+00	26243.173344	0.069503	0.523541	2418018.978267	78.200899	0.000000	0.000000	0.268230
2434989.461416	1.774741	1.370725e+00	25738.048949	0.060195	0.501336	2418091.615723	77.796169	0.000000	0.000000	0.268281
2434991.231705	1.774740	3.275853e+00	26014.566323	0.067368	0.604406	2418038.293090	74.370993	0.000000	0.000000	0.268318
2434989.467615	1.774740	2.470686e+00	26403.489191	0.065569	0.663045	2418005.715019	81.577717	0.000000	0.000000	0.268365
2434989.465028	1.774741	9.496415e-01	26311.149588	0.062395	0.659082	2418107.651965	83.357184	0.000000	0.000000	0.268460
2434991.230667	1.774741	1.549098e+00	25789.071857	0.065336	0.563931	2418084.223668	68.701117	0.000000	0.000000	0.268680
2434991.229772	1.774741	3.247840e+00	25748.593350	0.068200	0.539315	2418062.123035	76.189288	0.000000	0.000000	0.268937
2434989.463331	1.774740	3.496296e+00	25461.111928	0.066752	0.576904	2418025.827045	68.416900	0.000000	0.000000	0.269173
2434989.461726	1.774741	1.433171e+00	25993.941689	0.060854	0.471519	2417999.940396	79.171880	0.000000	0.000000	0.269222
2434991.240847	1.774740	1.541624e+00	25198.275347	0.062720	0.540577	2418041.797721	59.687031	0.000000	0.000000	0.269730
2434991.240048	1.774740	9.052731e-01	25339.946037	0.066956	0.525340	2418090.502691	65.801619	0.000000	0.000000	0.269747
2434989.465936	1.774740	2.301202e+00	25681.450523	0.064222	0.541598	2418032.492512	72.839216	0.000000	0.000000	0.270014
2434991.232302	1.774740	3.306939e+00	25346.477308	0.066015	0.454006	2418077.447989	68.471493	0.000000	0.000000	0.270160
2434991.237770	1.774740	2.871382e+00	26278.082247	0.065901	0.593754	2417998.373715	80.287359	0.000000	0.000000	0.270174
2434989.455628	1.774741	2.779669e+00	25813.042785	0.069718	0.500047	2418033.334779	75.708185	0.000000	0.000000	0.270444
2434991.231517	1.774741	2.469352e+00	25486.584127	0.062741	0.557053	2418079.860069	70.287924	0.000000	0.000000	0.271537
2434989.464378	1.774740	2.637807e+00	26036.899265	0.061099	0.582201	2418037.207943	81.351832	0.000000	0.000000	0.271620
2434989.464430	1.774740	2.843296e+00	26201.030416	0.067261	0.536324	2418026.261874	82.309923	0.000000	0.000000	0.271718
2434991.240144	1.774740	1.124937e+00	25347.997640	0.063697	0.480750	2418106.039448	67.149254	0.000000	0.000000	0.272178
2434989.462419	1.774741	8.832305e-01	25711.603462	0.062859	0.529756	2418085.078157	67.316504	0.000000	0.000000	0.272413
2434991.235359	1.774740	3.383878e+00	26193.071075	0.065694	0.525438	2418077.129073	89.597195	0.000000	0.000000	0.272514
2434991.232560	1.774741	2.319351e+00	25944.854388	0.064055	0.609146	2418044.156819	70.862347	0.000000	0.000000	0.272664
2434989.466524	1.774740	2.035876e+00	26535.479497	0.062097	0.584280	2418079.832880	86.383527	0.000000	0.000000	0.272870
2434991.231212	1.774741	1.718016e+00	25218.415731	0.067779	0.576865	2418031.561235	60.984346	0.000000	0.000000	0.273241
2434991.239499	1.774740	2.798558e+00	26251.571300	0.060827	0.590157	2418063.515749	83.586369	0.000000	0.000000	0.273621
2434991.240324	1.774740	3.133102e+00	26092.558721	0.063325	0.671501	2418079.974197	75.669092	0.000000	0.000000	0.273729
2434989.456978	1.774741	3.183122e+00	26204.656759	0.067031	0.481415	2418068.329990	88.045846	0.000000	0.000000	0.273777
2434989.462272	1.774739	3.119351e+00	26196.466262	0.063331	0.521323	2418108.475584	84.720414	0.000000	0.000000	0.273903
2434989.458707	1.774741	2.192339e+00	26011.148434	0.066545	0.649368	2418062.154292	76.481760	0.000000	0.000000	0.273968
2434989.466752	1.774740	1.188215e+00	26168.345527	0.062872	0.571855	2418001.158445	79.413614	0.000000	0.000000	0.274008
2434991.240948	1.774739	3.075110e+00	25661.716439	0.063579	0.537712	2417961.400493	71.521893	0.000000	0.000000	0.274224
2434989.463754	1.774741	1.121287e+00	26690.635675	0.060450	0.625866	2417975.312157	86.000542	0.000000	0.000000	0.274409
2434989.462770	1.774740	3.175795e+00	25864.025988	0.061402	0.546131	2418042.109546	77.696733	0.000000	0.000000	0.274425
2434989.455973	1.774741	2.146648e+00	25109.851147	0.069293	0.526083	2418067.503339	59.778713	0.000000	0.000000	0.274538
2434991.236362	1.774740	2.455258e+00	25541.435971	0.070508	0.579630	2418075.063495	65.069655	0.000000	0.000000	0.274613
2434989.459308	1.774741	1.613448e+00	25815.199531	0.069247	0.510111	2418019.501104	73.560810	0.000000	0.000000	0.274681
2434991.236658	1.774741	1.195175e+00	25612.456654	0.064620	0.492931	2418110.517544	75.361842	0.000000	0.000000	0.274720
2434991.232036	1.774741	2.268724e+00	25068.067891	0.064638	0.465429	2418002.653047	65.529481	0.000000	0.000000	0.274799
2434989.458530	1.774741	2.062296e+00	25791.531737	0.066210	0.598035	2417999.126816	76.160963	0.000000	0.000000	0.274825
2434989.458675	1.774740	3.277697e+00	26615.380538	0.063798	0.514770	2418058.347644	91.299166	0.000000	0.000000	0.274916
2434989.461998	1.774740	1.894305e+00	25314.802575	0.065702	0.433214	2418052.365004	70.094728	0.000000	0.000000	0.275041
2434991.232098	1.774741	2.668406e+00	25654.501340	0.063264	0.444527	2418074.644616	75.168973	0.000000	0.000000	0.275120
2434991.234711	1.774740	2.579892e+00	25937.643609	0.067154	0.565954	2418050.378763	71.813905	0.000000	0.000000	0.275228
2434989.465355	1.774741	9.056215e-01	25170.111806	0.064369	0.620890	2418051.807781	59.157880	0.000000	0.000000	0.275304
2434991.236332	1.774741	2.517587e+00	26356.763573	0.061517	0.587038	2418045.325449	88.098206	0.000000	0.000000	0.275351
2434991.236690	1.774740	3.014483e+00	26401.754025	0.065855	0.595451	2417984.778663	80.894356	0.000000	0.000000	0.275355
2434989.462231	1.774740	1.596961e+00	25720.515988	0.068249	0.463949	2418018.694559	69.360491	0.000000	0.000000	0.275574
2434991.232396	1.774741	2.575745e+00	26647.533869	0.066602	0.551438	2417967.102419	88.305896	0.000000	0.000000	0.275796
2434991.239600	1.774740	1.225384e+00	25776.386422	0.062359	0.608747	2417994.777926	61.776887	0.000000	0.000000	0.275947
2434991.240175	1.774740	1.870705e+00	25686.679774	0.061855	0.525631	2418017.349256	75.777128	0.000000	0.000000	0.276069
2434991.240888	1.774740	2.404915e+00	25767.563909	0.065424	0.621831	2418067.513264	65.604476	0.000000	0.000000	0.276180
2434991.231517	1.774740	2.532363e+00	26390.860654	0.062718	0.489992	2417959.262804	86.769650	0.000000	0.000000	0.276506
2434989.454688	1.774740	3.092512e+00	26047.829011	0.067094	0.413979	2417953.449781	81.800911	0.000000	0.000000	0.276602
2434989.463097	1.774740	2.163558e+00	25852.497075	0.068166	0.496516	2417993.328786	75.246827	0.000000	0.000000	0.276735
2434991.230114	1.774740	2.744449e+00	26149.819169	0.063226	0.478394	2417992.676615	79.507213	0.000000	0.000000	0.276830
2434991.233050	1.774741	9.165784e-01	26001.889701	0.060686	0.538311	2417950.468351	70.275439	0.000000	0.000000	0.277038
2434991.242595	1.774740	1.625559e+00	25265.302941	0.064626	0.548424	2418019.001035	63.926958	0.000000	0.000000	0.277046
2434989.466692	1.774740	2.678696e+00	25865.883946	0.062551	0.613004	2418070.891885	75.746086	0.000000	0.000000	0.277111
2434991.231232	1.774741	1.861825e+00	26374.946312	0.061341	0.490235	2418076.600781	87.087773	0.000000	0.000000	0.277152
2434991.235095	1.774741	2.640943e+00	26587.197311	0.060147	0.570943	2417954.811618	87.635093	0.000000	0.000000	0.277459
2434991.230638	1.774742	1.254028e+00	25589.653898	0.061172	0.525639	2418017.122536	66.661601	0.000000	0.000000	0.277604
2434991.232008	1.774742	1.463711e+00	26105.896919	0.059976	0.480289	2418036.541422	81.469112	0.000000	0.000000	0.277706
2434991.242198	1.774741	1.995286e+00	25546.197613	0.063343	0.627963	2418078.830029	69.756324	0.000000	0.000000	0.277771
2434991.238548	1.774740	2.521448e+00	25964.278066	0.059878	0.534089	2417988.016906	76.673968	0.000000	0.000000	0.277863
2434989.462632	1.774740	1.487731e+00	25655.350537	0.064081	0.469367	2417948.729995	66.592040	0.000000	0.000000	0.278657
2434991.235010	1.774739	3.537496e+00	26022.458937	0.067635	0.622800	2418084.128351	75.300515	0.000000	0.000000	0.278720
2434991.230379	1.774742	1.896193e+00	25319.925858	0.066971	0.526733	2417955.838266	68.788310	0.000000	0.000000	0.278760
2434991.234980	1.774740	2.227028e+00	26355.132693	0.064886	0.500286	2417960.933614	78.071553	0.000000	0.000000	0.278968
2434991.240915	1.774741	1.704616e+00	25648.127173	0.064737	0.604079	2418062.088844	73.820560	0.000000	0.000000	0.279252
2434991.237313	1.774740	1.778247e+00	25533.698177	0.065463	0.541221	2418099.922053	63.467151	0.000000	0.000000	0.279257
2434991.233099	1.774740	2.068995e+00	25453.155024	0.065132	0.512635	2418055.864250	64.288468	0.000000	0.000000	0.279549
2434989.454010	1.774740	3.194507e+00	25492.545252	0.071089	0.441402	2418069.059229	70.024420	0.000000	0.000000	0.279654
2434989.467579	1.774740	1.529866e+00	26235.394103	0.066417	0.595995	2418088.367265	81.914002	0.000000	0.000000	0.279945
2434989.463723	1.774740	1.408738e+00	25705.537498	0.068503	0.478706	2417989.174251	72.670142	0.000000	0.000000	0.279972
2434991.234211	1.774740	2.810101e+00	25668.599545	0.064323	0.606606	2417956.515402	64.597441	0.000000	0.000000	0.280039
2434989.462362	1.774740	1.128667e+00	25345.826700	0.062846	0.430695	2418077.731052	68.616579	0.000000	0.000000	0.280088
2434991.232781	1.774741	2.666022e+00	25244.555557	0.065043	0.532812	2418021.238021	67.685239	0.000000	0.000000	0.280280
2434989.454041	1.774741	1.572693e+00	25330.288877	0.064231	0.417797	2418076.602060	67.675777	0.000000	0.000000	0.280384
2434989.456541	1.774741	1.352568e+00	26442.985757	0.065445	0.483142	2418101.793662	87.693974	0.000000	0.000000	0.280455
2434989.465598	1.774739	2.048356e+00	25886.431239	0.066041	0.599075	2418079.508938	67.088769	0.000000	0.000000	0.280814
2434989.463207	1.774740	3.356673e+00	25586.295677	0.067198	0.605311	2417999.546391	69.128650	0.000000	0.000000	0.280876
2434989.457199	1.774741	1.947907e+00	25989.579215	0.069171	0.601579	2417985.545856	70.400210	0.000000	0.000000	0.281156
2434991.236240	1.774740	1.491406e+00	25227.731764	0.069217	0.492184	2418037.131666	59.979901	0.000000	0.000000	0.281322
2434991.236047	1.774742	1.632412e+00	25072.605808	0.062376	0.576945	2418057.801266	63.635142	0.000000	0.000000	0.281401
2434991.235291	1.774741	1.297817e+00	26171.430253	0.062790	0.494277	2418112.227633	86.752214	0.000000	0.000000	0.281408
2434989.455786	1.774740	3.667205e+00	26502.766291	0.065310	0.620871	2418013.647180	85.988843	0.000000	0.000000	0.281497
2434991.236678	1.774740	2.721118e+00	25419.128749	0.062327	0.597967	2418052.839030	65.135578	0.000000	0.000000	0.281597
2434989.457996	1.774741	2.461027e+00	26171.755977	0.061383	0.483090	2418103.926537	83.405227	0.000000	0.000000	0.281639
2434989.466264	1.774740	2.161307e+00	26506.918235	0.064088	0.531135	2417996.761130	88.777281	0.000000	0.000000	0.281734
2434989.465695	1.774741	1.311763e+00	26440.184866	0.060331	0.644864	2418052.286798	84.055897	0.000000	0.000000	0.281755
2434991.232447	1.774741	1.433903e+00	25755.203512	0.061460	0.528720	2418009.062158	67.751095	0.000000	0.000000	0.281926
2434991.235446	1.774740	3.875094e+00	25640.824983	0.070397	0.575005	2418029.479466	71.703321	0.000000	0.000000	0.282175
2434989.461097	1.774740	3.619641e+00	26129.584115	0.067046	0.602467	2418091.873871	79.668001	0.000000	0.000000	0.282258
2434989.460716	1.774739	3.826057e+00	26473.236630	0.070182	0.629528	2418029.407361	84.053987	0.000000	0.000000	0.282291
2434989.469815	1.774741	9.891338e-01	25919.688224	0.061171	0.565001	2418110.902330	75.962962	0.000000	0.000000	0.282326
2434991.233574	1.774740	2.599982e+00	25469.598109	0.065178	0.448769	2418051.485141	70.110691	0.000000	0.000000	0.282494
2434989.463963	1.774741	1.176861e+00	26364.101384	0.065131	0.640968	2418105.950186	78.159244	0.000000	0.000000	0.282537
2434991.229316	1.774740	3.286927e+00	26551.321956	0.069051	0.490414	2418103.025904	91.112167	0.000000	0.000000	0.282600
2434991.229539	1.774742	1.722505e+00	26429.841722	0.062322	0.533065	2418036.350258	89.242280	0.000000	0.000000	0.282616
2434989.467939	1.774740	1.460983e+00	25772.077223	0.067868	0.595647	2418047.977641	71.447353	0.000000	0.000000	0.282720
