-10981.500000	0.143789	-0.835258	2415500.110000	1.000000	-0.979046	-0.845897
-6149.000000	-0.085757	-0.758104	2424076.621000	3.000000	-0.672348	-0.761440
-6148.000000	-0.085968	-0.827845	2424078.326000	3.000000	-0.741877	-0.831180
-5410.000000	-0.218996	-0.823392	2425388.089000	3.000000	-0.604395	-0.825974
-5158.000000	-0.259281	-0.802018	2425835.345000	3.000000	-0.542736	-0.804365
-5157.500000	-0.259281	-0.764388	2425836.270000	3.000000	-0.505107	-0.766735
-4817.000000	-0.309732	-0.846555	2426440.487000	3.000000	-0.536823	-0.848602
-4747.000000	-0.319486	-0.837395	2426564.728000	3.000000	-0.517909	-0.839384
-4510.000000	-0.351073	-0.838913	2426985.340000	3.000000	-0.487840	-0.840707
-3646.000000	-0.446902	0.830227	2428520.385000	3.000000	1.277129	0.829055
-155.000000	-0.517895	-0.865133	2434714.309000	3.000000	-0.347238	-0.865135
-4.500000	-0.508654	-0.852590	2434981.420000	10.000000	-0.343936	-0.852590
0.000000	-0.508319	-0.854922	2434989.404000	10.000000	-0.346604	-0.854922
3315.500000	0.040389	-0.794311	2440873.617000	10.000000	-0.834700	-0.795281
3315.500000	0.040389	-0.789311	2440873.622000	10.000000	-0.829700	-0.790281
3497.500000	0.093931	-0.777096	2441196.637000	3.000000	-0.871027	-0.778176
4315.000000	0.360203	-0.757519	2442647.507000	3.000000	-1.117723	-0.759162
4953.000000	0.532368	-0.736009	2443779.813000	10.000000	-1.268376	-0.738173
4973.000000	0.535503	-0.728520	2443815.315300	10.000000	-1.264023	-0.730702
5034.000000	0.543906	-0.723996	2443923.579000	10.000000	-1.267901	-0.726231
5060.500000	0.546925	-0.724621	2443970.609000	10.000000	-1.271545	-0.726880
5083.000000	0.549312	-0.733284	2444010.532000	10.000000	-1.282596	-0.735563
5368.000000	0.556731	-0.732349	2444516.334000	10.000000	-1.289080	-0.734891
5375.500000	0.556427	-0.725903	2444529.651000	10.000000	-1.282331	-0.728453
5434.500000	0.553028	-0.736597	2444634.350000	10.000000	-1.289625	-0.739203
5660.000000	0.528126	-0.728598	2445034.562000	10.000000	-1.256724	-0.731424
5672.500000	0.526367	-0.728855	2445056.746000	10.000000	-1.255222	-0.731694
5753.500000	0.513489	-0.729842	2445200.499000	10.000000	-1.243330	-0.732762
5766.500000	0.511285	-0.730469	2445223.570000	10.000000	-1.241754	-0.733403
5790.500000	0.507084	-0.729043	2445266.165200	10.000000	-1.236127	-0.732002
5957.500000	0.475066	-0.737920	2445562.538000	10.000000	-1.212986	-0.741051
5967.000000	0.473042	-0.737955	2445579.398000	10.000000	-1.210998	-0.741097
6183.500000	0.425933	-0.734991	2445963.632300	10.000000	-1.160924	-0.738364
6353.000000	0.386294	-0.739219	2446264.446600	10.000000	-1.125513	-0.742780
6397.500000	0.375825	-0.746775	2446343.415000	10.000000	-1.122599	-0.750385
6406.000000	0.373701	-0.746469	2446358.500600	10.000000	-1.120171	-0.750090
6406.500000	0.373701	-0.745740	2446359.388700	10.000000	-1.119441	-0.749361
6517.500000	0.346981	-0.757644	2446556.373000	10.000000	-1.104625	-0.761392
6601.500000	0.326613	-0.753953	2446705.454900	10.000000	-1.080566	-0.757797
6615.000000	0.323253	-0.754350	2446729.413500	10.000000	-1.077604	-0.758211
6637.500000	0.317875	-0.755213	2446769.344300	10.000000	-1.073088	-0.759100
6721.000000	0.297555	-0.751352	2446917.539000	10.000000	-1.048907	-0.755337
6743.500000	0.292161	-0.757315	2446957.464700	10.000000	-1.049475	-0.761327
6823.500000	0.272812	-0.760161	2447099.441100	10.000000	-1.032973	-0.764269
7014.500000	0.226792	-0.764212	2447438.412500	10.000000	-0.991004	-0.768553
7032.000000	0.222538	-0.765872	2447469.468800	10.000000	-0.988409	-0.770234
7032.500000	0.222538	-0.770042	2447470.352000	10.000000	-0.992580	-0.774405
7077.000000	0.211736	-0.757198	2447549.340800	10.000000	-0.968934	-0.761616
7169.500000	0.189972	-0.767501	2447713.494000	10.000000	-0.957473	-0.772036
7178.500000	0.187887	-0.765866	2447729.468300	10.000000	-0.953753	-0.770413
7205.000000	0.181515	-0.767292	2447776.497500	10.000000	-0.948806	-0.771872
7423.000000	0.131049	-0.773238	2448163.385000	10.000000	-0.904286	-0.778099
7485.000000	0.116989	-0.773254	2448273.418900	10.000000	-0.890242	-0.778197
7485.000000	0.116989	-0.771654	2448273.420500	10.000000	-0.888642	-0.776597
7494.000000	0.115034	-0.777719	2448289.387100	10.000000	-0.892753	-0.782674
7494.000000	0.115034	-0.776119	2448289.388700	10.000000	-0.891153	-0.781074
7614.500000	0.088151	-0.779659	2448503.241400	5.000000	-0.867809	-0.784774
7624.000000	0.085971	-0.775894	2448520.105200	5.000000	-0.861865	-0.781022
7636.000000	0.083270	-0.774481	2448541.403500	10.000000	-0.857751	-0.779626
7644.000000	0.081503	-0.779406	2448555.596500	10.000000	-0.860909	-0.784561
8257.500000	-0.046522	-0.788651	2449644.390600	10.000000	-0.742129	-0.794667
8719.500000	-0.133192	-0.802598	2450464.306800	10.000000	-0.669406	-0.809306
9279.000000	-0.226520	-0.777752	2451457.299000	3.000000	-0.551232	-0.785348
9306.500000	-0.230713	-0.809018	2451506.073100	10.000000	-0.578305	-0.816659
9315.500000	-0.232106	-0.810683	2451522.044100	10.000000	-0.578577	-0.818339
9342.500000	-0.236179	-0.813179	2451569.959600	10.000000	-0.576999	-0.820879
10149.000000	-0.346081	-0.816255	2453001.284800	5.000000	-0.470174	-0.825343
10903.000000	-0.424891	-0.832852	2454339.422600	5.000000	-0.407961	-0.843340
