-1372025.500000	340.202416	-0.339764	1.774740	25896.616398	-340.542179	-340.605554
-1372026.500000	340.202906	-0.274298	0.065466	2418020.400442	-340.477203	-340.540584
-1371986.500000	340.183244	-0.609500	70.719881	0.000000	-340.792744	-340.855946
-5411.000000	-0.020853	-0.028642	2425388.089000	3.000000	-0.007788	-0.033934
-5159.000000	-0.025912	-0.007230	2425835.345000	3.000000	0.018683	-0.012041
-5158.500000	-0.025936	0.030400	2425836.270000	3.000000	0.056336	0.025590
-4818.000000	-0.032265	-0.051716	2426440.487000	3.000000	-0.019451	-0.055912
-4748.000000	-0.033504	-0.042546	2426564.728000	3.000000	-0.009042	-0.046621
-4511.000000	-0.037509	-0.044027	2426985.340000	3.000000	-0.006519	-0.047706
-3646.000000	-0.049846	-0.149498	2428520.385000	3.000000	-0.099652	-0.151901
-156.000000	-0.062402	-0.069593	2434714.309000	3.000000	-0.007190	-0.069597
-5.500000	-0.061496	-0.057027	2434981.420000	10.000000	0.004468	-0.057027
-1.000000	-0.061461	-0.059359	2434989.404000	10.000000	0.002102	-0.059359
3314.500000	0.000488	0.001750	2440873.617000	10.000000	0.001263	-0.000235
3314.500000	0.000488	0.006750	2440873.622000	10.000000	0.006263	0.004765
3496.500000	0.006934	0.018993	2441196.637000	3.000000	0.012059	0.016783
4314.000000	0.040675	0.038692	2442647.507000	3.000000	-0.001983	0.035328
4952.000000	0.065795	0.060299	2443779.813000	10.000000	-0.005496	0.055866
4972.000000	0.066310	0.067790	2443815.315300	10.000000	0.001480	0.063322
5033.000000	0.067699	0.072324	2443923.579000	10.000000	0.004626	0.067746
5059.500000	0.068227	0.071703	2443970.609000	10.000000	0.003476	0.067076
5082.000000	0.068619	0.063043	2444010.532000	10.000000	-0.005575	0.058375
5367.000000	0.070456	0.064021	2444516.334000	10.000000	-0.006434	0.058815
5374.500000	0.070427	0.070468	2444529.651000	10.000000	0.000041	0.065247
5433.500000	0.070101	0.059783	2444634.350000	10.000000	-0.010318	0.054446
5659.000000	0.067310	0.067816	2445034.562000	10.000000	0.000506	0.062028
5671.500000	0.067088	0.067561	2445056.746000	10.000000	0.000472	0.061747
5752.500000	0.065593	0.066586	2445200.499000	10.000000	0.000993	0.060605
5765.500000	0.065336	0.065961	2445223.570000	10.000000	0.000624	0.059952
5789.500000	0.064856	0.067390	2445266.165200	10.000000	0.002534	0.061332
5956.500000	0.061176	0.058539	2445562.538000	10.000000	-0.002637	0.052126
5966.000000	0.060960	0.058505	2445579.398000	10.000000	-0.002455	0.052071
6182.500000	0.055606	0.061502	2445963.632300	10.000000	0.005896	0.054593
6352.000000	0.051215	0.057299	2446264.446600	10.000000	0.006085	0.050006
6396.500000	0.050028	0.049750	2446343.415000	10.000000	-0.000278	0.042355
6405.000000	0.049817	0.050057	2446358.500600	10.000000	0.000239	0.042641
6405.500000	0.049791	0.050786	2446359.388700	10.000000	0.000995	0.043370
6516.500000	0.046850	0.038899	2446556.373000	10.000000	-0.007951	0.031223
6600.500000	0.044626	0.042603	2446705.454900	10.000000	-0.002023	0.034728
6614.000000	0.044282	0.042207	2446729.413500	10.000000	-0.002075	0.034300
6636.500000	0.043677	0.041347	2446769.344300	10.000000	-0.002330	0.033386
6720.000000	0.041489	0.045222	2446917.539000	10.000000	0.003733	0.037059
6742.500000	0.040883	0.039262	2446957.464700	10.000000	-0.001621	0.031045
6822.500000	0.038791	0.036428	2447099.441100	10.000000	-0.002364	0.028014
7013.500000	0.033857	0.032406	2447438.412500	10.000000	-0.001451	0.023515
7031.000000	0.033424	0.030748	2447469.468800	10.000000	-0.002675	0.021813
7031.500000	0.033391	0.026578	2447470.352000	10.000000	-0.006813	0.017641
7076.000000	0.032276	0.039429	2447549.340800	10.000000	0.007153	0.030379
7168.500000	0.029937	0.029140	2447713.494000	10.000000	-0.000798	0.019851
7177.500000	0.029722	0.030776	2447729.468300	10.000000	0.001053	0.021464
7204.000000	0.029073	0.029354	2447776.497500	10.000000	0.000282	0.019974
7422.000000	0.023754	0.023441	2448163.385000	10.000000	-0.000313	0.013484
7484.000000	0.022285	0.023434	2448273.418900	10.000000	0.001150	0.013310
7484.000000	0.022285	0.025034	2448273.420500	10.000000	0.002750	0.014910
7493.000000	0.022075	0.018971	2448289.387100	10.000000	-0.003104	0.008822
7493.000000	0.022075	0.020571	2448289.388700	10.000000	-0.001504	0.010422
7613.500000	0.019245	0.017049	2448503.241400	5.000000	-0.002196	0.006571
7623.000000	0.019045	0.020815	2448520.105200	5.000000	0.001769	0.010311
7635.000000	0.018767	0.022230	2448541.403500	10.000000	0.003462	0.011693
7643.000000	0.018578	0.017306	2448555.596500	10.000000	-0.001271	0.006747
8256.500000	0.005412	0.008154	2449644.390600	10.000000	0.002741	-0.004169
8718.500000	-0.003258	-0.005724	2450464.306800	10.000000	-0.002467	-0.019464
9278.000000	-0.012392	0.019206	2451457.299000	3.000000	0.031598	0.003646
9305.500000	-0.012789	-0.012056	2451506.073100	10.000000	0.000733	-0.027708
9314.500000	-0.012928	-0.013720	2451522.044100	10.000000	-0.000792	-0.029402
9341.500000	-0.013321	-0.016211	2451569.959600	10.000000	-0.002890	-0.031985
10148.000000	-0.023550	-0.019167	2453001.284800	5.000000	0.004383	-0.037781
10902.000000	-0.030285	-0.035650	2454339.422600	5.000000	-0.005365	-0.057133
11110.500000	-0.031669	-0.031029	2454709.460600	5.000000	0.000640	-0.053342
