-10981.000000	0.068009	0.072397	-0.004388
-10971.000000	0.068229	0.072325	-0.004096
-10961.000000	0.068450	0.072253	-0.003803
-10951.000000	0.068671	0.072181	-0.003510
-10941.000000	0.068893	0.072109	-0.003216
-10931.000000	0.069117	0.072037	-0.002921
-10921.000000	0.069341	0.071965	-0.002625
-10911.000000	0.069565	0.071893	-0.002328
-10901.000000	0.069791	0.071822	-0.002031
-10891.000000	0.070017	0.071750	-0.001733
-10881.000000	0.070245	0.071678	-0.001434
-10871.000000	0.070473	0.071607	-0.001134
-10861.000000	0.070701	0.071535	-0.000834
-10851.000000	0.070931	0.071464	-0.000532
-10841.000000	0.071162	0.071392	-0.000230
-10831.000000	0.071393	0.071321	0.000072
-10821.000000	0.071625	0.071249	0.000376
-10811.000000	0.071858	0.071178	0.000680
-10801.000000	0.072092	0.071107	0.000985
-10791.000000	0.072326	0.071035	0.001291
-10781.000000	0.072562	0.070964	0.001598
-10771.000000	0.072798	0.070893	0.001905
-10761.000000	0.073035	0.070822	0.002213
-10751.000000	0.073273	0.070751	0.002522
-10741.000000	0.073511	0.070680	0.002831
-10731.000000	0.073751	0.070609	0.003142
-10721.000000	0.073991	0.070538	0.003453
-10711.000000	0.074232	0.070467	0.003765
-10701.000000	0.074474	0.070397	0.004077
-10691.000000	0.074716	0.070326	0.004390
-10681.000000	0.074960	0.070255	0.004704
-10671.000000	0.075204	0.070184	0.005019
-10661.000000	0.075449	0.070114	0.005335
-10651.000000	0.075694	0.070043	0.005651
-10641.000000	0.075941	0.069973	0.005968
-10631.000000	0.076188	0.069902	0.006286
-10621.000000	0.076436	0.069832	0.006604
-10611.000000	0.076685	0.069762	0.006923
-10601.000000	0.076934	0.069691	0.007243
-10591.000000	0.077184	0.069621	0.007563
-10581.000000	0.077435	0.069551	0.007885
-10571.000000	0.077687	0.069481	0.008207
-10561.000000	0.077940	0.069410	0.008529
-10551.000000	0.078193	0.069340	0.008853
-10541.000000	0.078447	0.069270	0.009177
-10531.000000	0.078702	0.069200	0.009501
-10521.000000	0.078957	0.069130	0.009827
-10511.000000	0.079214	0.069061	0.010153
-10501.000000	0.079470	0.068991	0.010480
-10491.000000	0.079728	0.068921	0.010807
-10481.000000	0.079986	0.068851	0.011135
-10471.000000	0.080246	0.068782	0.011464
-10461.000000	0.080505	0.068712	0.011793
-10451.000000	0.080766	0.068642	0.012123
-10441.000000	0.081027	0.068573	0.012454
-10431.000000	0.081289	0.068503	0.012786
-10421.000000	0.081551	0.068434	0.013118
-10411.000000	0.081815	0.068364	0.013450
-10401.000000	0.082079	0.068295	0.013783
-10391.000000	0.082343	0.068226	0.014117
-10381.000000	0.082608	0.068157	0.014452
-10371.000000	0.082874	0.068087	0.014787
-10361.000000	0.083141	0.068018	0.015123
-10351.000000	0.083408	0.067949	0.015459
-10341.000000	0.083676	0.067880	0.015796
-10331.000000	0.083944	0.067811	0.016133
-10321.000000	0.084213	0.067742	0.016471
-10311.000000	0.084483	0.067673	0.016810
-10301.000000	0.084753	0.067604	0.017149
-10291.000000	0.085024	0.067536	0.017489
-10281.000000	0.085296	0.067467	0.017829
-10271.000000	0.085568	0.067398	0.018170
-10261.000000	0.085841	0.067329	0.018511
-10251.000000	0.086114	0.067261	0.018853
-10241.000000	0.086388	0.067192	0.019196
-10231.000000	0.086662	0.067124	0.019538
-10221.000000	0.086937	0.067055	0.019882
-10211.000000	0.087212	0.066987	0.020226
-10201.000000	0.087488	0.066918	0.020570
-10191.000000	0.087765	0.066850	0.020915
-10181.000000	0.088042	0.066782	0.021260
-10171.000000	0.088319	0.066713	0.021606
-10161.000000	0.088597	0.066645	0.021952
-10151.000000	0.088875	0.066577	0.022298
-10141.000000	0.089154	0.066509	0.022645
-10131.000000	0.089434	0.066441	0.022993
-10121.000000	0.089713	0.066373	0.023340
-10111.000000	0.089994	0.066305	0.023688
-10101.000000	0.090274	0.066237	0.024037
-10091.000000	0.090555	0.066169	0.024386
-10081.000000	0.090837	0.066102	0.024735
-10071.000000	0.091118	0.066034	0.025085
-10061.000000	0.091401	0.065966	0.025434
-10051.000000	0.091683	0.065898	0.025785
-10041.000000	0.091966	0.065831	0.026135
-10031.000000	0.092249	0.065763	0.026486
-10021.000000	0.092532	0.065696	0.026837
-10011.000000	0.092816	0.065628	0.027188
-10001.000000	0.093100	0.065561	0.027539
-9991.000000	0.093384	0.065494	0.027891
-9981.000000	0.093669	0.065426	0.028243
-9971.000000	0.093954	0.065359	0.028595
-9961.000000	0.094239	0.065292	0.028947
-9951.000000	0.094524	0.065225	0.029299
-9941.000000	0.094809	0.065157	0.029652
-9931.000000	0.095095	0.065090	0.030004
-9921.000000	0.095380	0.065023	0.030357
-9911.000000	0.095666	0.064956	0.030710
-9901.000000	0.095952	0.064889	0.031062
-9891.000000	0.096238	0.064823	0.031415
-9881.000000	0.096524	0.064756	0.031768
-9871.000000	0.096810	0.064689	0.032121
-9861.000000	0.097096	0.064622	0.032474
-9851.000000	0.097382	0.064555	0.032826
-9841.000000	0.097668	0.064489	0.033179
-9831.000000	0.097954	0.064422	0.033532
-9821.000000	0.098240	0.064356	0.033884
-9811.000000	0.098526	0.064289	0.034236
-9801.000000	0.098811	0.064223	0.034588
-9791.000000	0.099097	0.064156	0.034940
-9781.000000	0.099382	0.064090	0.035292
-9771.000000	0.099667	0.064024	0.035644
-9761.000000	0.099952	0.063957	0.035995
-9751.000000	0.100237	0.063891	0.036346
-9741.000000	0.100522	0.063825	0.036696
-9731.000000	0.100806	0.063759	0.037047
-9721.000000	0.101089	0.063693	0.037397
-9711.000000	0.101373	0.063627	0.037746
-9701.000000	0.101656	0.063561	0.038095
-9691.000000	0.101939	0.063495	0.038444
-9681.000000	0.102221	0.063429	0.038792
-9671.000000	0.102503	0.063363	0.039139
-9661.000000	0.102784	0.063298	0.039486
-9651.000000	0.103064	0.063232	0.039833
-9641.000000	0.103345	0.063166	0.040178
-9631.000000	0.103624	0.063101	0.040523
-9621.000000	0.103903	0.063035	0.040868
-9611.000000	0.104181	0.062969	0.041211
-9601.000000	0.104458	0.062904	0.041554
-9591.000000	0.104735	0.062839	0.041896
-9581.000000	0.105011	0.062773	0.042238
-9571.000000	0.105286	0.062708	0.042578
-9561.000000	0.105560	0.062643	0.042917
-9551.000000	0.105833	0.062577	0.043256
-9541.000000	0.106106	0.062512	0.043593
-9531.000000	0.106377	0.062447	0.043930
-9521.000000	0.106647	0.062382	0.044265
-9511.000000	0.106916	0.062317	0.044599
-9501.000000	0.107184	0.062252	0.044932
-9491.000000	0.107451	0.062187	0.045264
-9481.000000	0.107717	0.062122	0.045595
-9471.000000	0.107981	0.062057	0.045924
-9461.000000	0.108244	0.061992	0.046252
-9451.000000	0.108506	0.061928	0.046579
-9441.000000	0.108767	0.061863	0.046904
-9431.000000	0.109026	0.061798	0.047227
-9421.000000	0.109283	0.061734	0.047549
-9411.000000	0.109539	0.061669	0.047870
-9401.000000	0.109793	0.061605	0.048189
-9391.000000	0.110046	0.061540	0.048506
-9381.000000	0.110297	0.061476	0.048821
-9371.000000	0.110546	0.061411	0.049135
-9361.000000	0.110793	0.061347	0.049446
-9351.000000	0.111039	0.061283	0.049756
-9341.000000	0.111283	0.061218	0.050064
-9331.000000	0.111524	0.061154	0.050370
-9321.000000	0.111764	0.061090	0.050674
-9311.000000	0.112001	0.061026	0.050975
-9301.000000	0.112237	0.060962	0.051275
-9291.000000	0.112470	0.060898	0.051572
-9281.000000	0.112701	0.060834	0.051867
-9271.000000	0.112930	0.060770	0.052160
-9261.000000	0.113156	0.060706	0.052450
-9251.000000	0.113380	0.060643	0.052737
-9241.000000	0.113601	0.060579	0.053022
-9231.000000	0.113820	0.060515	0.053305
-9221.000000	0.114036	0.060452	0.053585
-9211.000000	0.114250	0.060388	0.053862
-9201.000000	0.114461	0.060324	0.054136
-9191.000000	0.114669	0.060261	0.054408
-9181.000000	0.114874	0.060197	0.054676
-9171.000000	0.115076	0.060134	0.054942
-9161.000000	0.115275	0.060071	0.055205
-9151.000000	0.115472	0.060007	0.055464
-9141.000000	0.115665	0.059944	0.055721
-9131.000000	0.115855	0.059881	0.055974
-9121.000000	0.116041	0.059818	0.056224
-9111.000000	0.116225	0.059755	0.056470
-9101.000000	0.116405	0.059692	0.056713
-9091.000000	0.116581	0.059629	0.056953
-9081.000000	0.116754	0.059566	0.057189
-9071.000000	0.116924	0.059503	0.057421
-9061.000000	0.117090	0.059440	0.057650
-9051.000000	0.117252	0.059377	0.057875
-9041.000000	0.117411	0.059314	0.058097
-9031.000000	0.117565	0.059252	0.058314
-9021.000000	0.117716	0.059189	0.058528
-9011.000000	0.117863	0.059126	0.058737
-9001.000000	0.118006	0.059064	0.058943
-8991.000000	0.118145	0.059001	0.059144
-8981.000000	0.118280	0.058939	0.059341
-8971.000000	0.118411	0.058876	0.059535
-8961.000000	0.118537	0.058814	0.059723
-8951.000000	0.118660	0.058751	0.059908
-8941.000000	0.118777	0.058689	0.060088
-8931.000000	0.118891	0.058627	0.060264
-8921.000000	0.119000	0.058565	0.060435
-8911.000000	0.119105	0.058503	0.060602
-8901.000000	0.119205	0.058441	0.060764
-8891.000000	0.119301	0.058378	0.060922
-8881.000000	0.119391	0.058316	0.061075
-8871.000000	0.119478	0.058255	0.061223
-8861.000000	0.119559	0.058193	0.061367
-8851.000000	0.119636	0.058131	0.061505
-8841.000000	0.119708	0.058069	0.061639
-8831.000000	0.119776	0.058007	0.061768
-8821.000000	0.119838	0.057945	0.061892
-8811.000000	0.119895	0.057884	0.062012
-8801.000000	0.119948	0.057822	0.062126
-8791.000000	0.119996	0.057761	0.062235
-8781.000000	0.120038	0.057699	0.062339
-8771.000000	0.120076	0.057638	0.062438
-8761.000000	0.120108	0.057576	0.062532
-8751.000000	0.120136	0.057515	0.062621
-8741.000000	0.120158	0.057454	0.062705
-8731.000000	0.120176	0.057392	0.062783
-8721.000000	0.120188	0.057331	0.062857
-8711.000000	0.120195	0.057270	0.062925
-8701.000000	0.120197	0.057209	0.062988
-8691.000000	0.120194	0.057148	0.063046
-8681.000000	0.120185	0.057087	0.063098
-8671.000000	0.120171	0.057026	0.063146
-8661.000000	0.120153	0.056965	0.063188
-8651.000000	0.120129	0.056904	0.063225
-8641.000000	0.120100	0.056843	0.063257
-8631.000000	0.120065	0.056782	0.063283
-8621.000000	0.120026	0.056721	0.063304
-8611.000000	0.119981	0.056661	0.063320
-8601.000000	0.119931	0.056600	0.063331
-8591.000000	0.119876	0.056540	0.063337
-8581.000000	0.119816	0.056479	0.063337
-8571.000000	0.119751	0.056418	0.063332
-8561.000000	0.119680	0.056358	0.063322
-8551.000000	0.119605	0.056298	0.063307
-8541.000000	0.119525	0.056237	0.063287
-8531.000000	0.119439	0.056177	0.063262
-8521.000000	0.119348	0.056117	0.063232
-8511.000000	0.119253	0.056056	0.063196
-8501.000000	0.119152	0.055996	0.063156
-8491.000000	0.119047	0.055936	0.063111
-8481.000000	0.118937	0.055876	0.063060
-8471.000000	0.118821	0.055816	0.063005
-8461.000000	0.118701	0.055756	0.062945
-8451.000000	0.118577	0.055696	0.062880
-8441.000000	0.118447	0.055636	0.062811
-8431.000000	0.118313	0.055577	0.062736
-8421.000000	0.118174	0.055517	0.062657
-8411.000000	0.118030	0.055457	0.062573
-8401.000000	0.117882	0.055397	0.062484
-8391.000000	0.117729	0.055338	0.062391
-8381.000000	0.117572	0.055278	0.062294
-8371.000000	0.117410	0.055219	0.062191
-8361.000000	0.117244	0.055159	0.062085
-8351.000000	0.117073	0.055100	0.061974
-8341.000000	0.116899	0.055040	0.061858
-8331.000000	0.116720	0.054981	0.061739
-8321.000000	0.116536	0.054922	0.061615
-8311.000000	0.116349	0.054862	0.061487
-8301.000000	0.116157	0.054803	0.061354
-8291.000000	0.115962	0.054744	0.061218
-8281.000000	0.115762	0.054685	0.061077
-8271.000000	0.115559	0.054626	0.060933
-8261.000000	0.115351	0.054567	0.060785
-8251.000000	0.115140	0.054508	0.060632
-8241.000000	0.114925	0.054449	0.060476
-8231.000000	0.114707	0.054390	0.060316
-8221.000000	0.114484	0.054331	0.060153
-8211.000000	0.114258	0.054273	0.059986
-8201.000000	0.114029	0.054214	0.059815
-8191.000000	0.113796	0.054155	0.059641
-8181.000000	0.113559	0.054097	0.059463
-8171.000000	0.113319	0.054038	0.059281
-8161.000000	0.113076	0.053980	0.059097
-8151.000000	0.112830	0.053921	0.058909
-8141.000000	0.112580	0.053863	0.058718
-8131.000000	0.112327	0.053804	0.058523
-8121.000000	0.112072	0.053746	0.058326
-8111.000000	0.111813	0.053688	0.058125
-8101.000000	0.111551	0.053629	0.057921
-8091.000000	0.111286	0.053571	0.057715
-8081.000000	0.111018	0.053513	0.057505
-8071.000000	0.110747	0.053455	0.057292
-8061.000000	0.110474	0.053397	0.057077
-8051.000000	0.110198	0.053339	0.056859
-8041.000000	0.109919	0.053281	0.056638
-8031.000000	0.109638	0.053223	0.056415
-8021.000000	0.109354	0.053165	0.056189
-8011.000000	0.109068	0.053108	0.055960
-8001.000000	0.108779	0.053050	0.055729
-7991.000000	0.108488	0.052992	0.055496
-7981.000000	0.108194	0.052934	0.055260
-7971.000000	0.107898	0.052877	0.055021
-7961.000000	0.107600	0.052819	0.054781
-7951.000000	0.107300	0.052762	0.054538
-7941.000000	0.106997	0.052704	0.054293
-7931.000000	0.106693	0.052647	0.054046
-7921.000000	0.106386	0.052590	0.053796
-7911.000000	0.106077	0.052532	0.053545
-7901.000000	0.105767	0.052475	0.053292
-7891.000000	0.105454	0.052418	0.053036
-7881.000000	0.105140	0.052361	0.052779
-7871.000000	0.104824	0.052303	0.052520
-7861.000000	0.104506	0.052246	0.052259
-7851.000000	0.104186	0.052189	0.051996
-7841.000000	0.103864	0.052132	0.051732
-7831.000000	0.103541	0.052076	0.051466
-7821.000000	0.103217	0.052019	0.051198
-7811.000000	0.102890	0.051962	0.050929
-7801.000000	0.102563	0.051905	0.050658
-7791.000000	0.102233	0.051848	0.050385
-7781.000000	0.101903	0.051792	0.050111
-7771.000000	0.101570	0.051735	0.049835
-7761.000000	0.101237	0.051678	0.049559
-7751.000000	0.100902	0.051622	0.049280
-7741.000000	0.100566	0.051565	0.049001
-7731.000000	0.100229	0.051509	0.048720
-7721.000000	0.099890	0.051453	0.048437
-7711.000000	0.099550	0.051396	0.048154
-7701.000000	0.099209	0.051340	0.047869
-7691.000000	0.098867	0.051284	0.047583
-7681.000000	0.098524	0.051227	0.047296
-7671.000000	0.098180	0.051171	0.047008
-7661.000000	0.097835	0.051115	0.046719
-7651.000000	0.097488	0.051059	0.046429
-7641.000000	0.097141	0.051003	0.046138
-7631.000000	0.096793	0.050947	0.045846
-7621.000000	0.096444	0.050891	0.045553
-7611.000000	0.096094	0.050835	0.045259
-7601.000000	0.095743	0.050780	0.044964
-7591.000000	0.095392	0.050724	0.044668
-7581.000000	0.095040	0.050668	0.044372
-7571.000000	0.094687	0.050612	0.044074
-7561.000000	0.094333	0.050557	0.043776
-7551.000000	0.093978	0.050501	0.043477
-7541.000000	0.093623	0.050446	0.043178
-7531.000000	0.093268	0.050390	0.042877
-7521.000000	0.092911	0.050335	0.042576
-7511.000000	0.092554	0.050279	0.042275
-7501.000000	0.092197	0.050224	0.041973
-7491.000000	0.091839	0.050169	0.041670
-7481.000000	0.091480	0.050114	0.041366
-7471.000000	0.091121	0.050058	0.041062
-7461.000000	0.090761	0.050003	0.040758
-7451.000000	0.090401	0.049948	0.040453
-7441.000000	0.090041	0.049893	0.040148
-7431.000000	0.089680	0.049838	0.039842
-7421.000000	0.089319	0.049783	0.039535
-7411.000000	0.088957	0.049728	0.039229
-7401.000000	0.088595	0.049674	0.038922
-7391.000000	0.088233	0.049619	0.038614
-7381.000000	0.087870	0.049564	0.038306
-7371.000000	0.087507	0.049509	0.037998
-7361.000000	0.087144	0.049455	0.037690
-7351.000000	0.086781	0.049400	0.037381
-7341.000000	0.086417	0.049345	0.037072
-7331.000000	0.086053	0.049291	0.036762
-7321.000000	0.085689	0.049236	0.036453
-7311.000000	0.085325	0.049182	0.036143
-7301.000000	0.084961	0.049128	0.035833
-7291.000000	0.084596	0.049073	0.035523
-7281.000000	0.084231	0.049019	0.035212
-7271.000000	0.083867	0.048965	0.034902
-7261.000000	0.083502	0.048911	0.034591
-7251.000000	0.083137	0.048857	0.034280
-7241.000000	0.082772	0.048803	0.033969
-7231.000000	0.082407	0.048749	0.033658
-7221.000000	0.082042	0.048695	0.033347
-7211.000000	0.081676	0.048641	0.033036
-7201.000000	0.081311	0.048587	0.032725
-7191.000000	0.080946	0.048533	0.032413
-7181.000000	0.080581	0.048479	0.032102
-7171.000000	0.080216	0.048425	0.031791
-7161.000000	0.079851	0.048372	0.031479
-7151.000000	0.079486	0.048318	0.031168
-7141.000000	0.079121	0.048264	0.030856
-7131.000000	0.078756	0.048211	0.030545
-7121.000000	0.078391	0.048157	0.030234
-7111.000000	0.078027	0.048104	0.029923
-7101.000000	0.077662	0.048051	0.029611
-7091.000000	0.077298	0.047997	0.029300
-7081.000000	0.076933	0.047944	0.028989
-7071.000000	0.076569	0.047891	0.028679
-7061.000000	0.076205	0.047838	0.028368
-7051.000000	0.075841	0.047784	0.028057
-7041.000000	0.075478	0.047731	0.027746
-7031.000000	0.075114	0.047678	0.027436
-7021.000000	0.074751	0.047625	0.027126
-7011.000000	0.074388	0.047572	0.026816
-7001.000000	0.074025	0.047519	0.026506
-6991.000000	0.073663	0.047466	0.026196
-6981.000000	0.073300	0.047414	0.025887
-6971.000000	0.072938	0.047361	0.025577
-6961.000000	0.072576	0.047308	0.025268
-6951.000000	0.072215	0.047255	0.024959
-6941.000000	0.071853	0.047203	0.024650
-6931.000000	0.071492	0.047150	0.024342
-6921.000000	0.071131	0.047098	0.024034
-6911.000000	0.070771	0.047045	0.023726
-6901.000000	0.070411	0.046993	0.023418
-6891.000000	0.070051	0.046940	0.023110
-6881.000000	0.069691	0.046888	0.022803
-6871.000000	0.069332	0.046836	0.022496
-6861.000000	0.068973	0.046784	0.022189
-6851.000000	0.068614	0.046731	0.021883
-6841.000000	0.068256	0.046679	0.021577
-6831.000000	0.067898	0.046627	0.021271
-6821.000000	0.067541	0.046575	0.020966
-6811.000000	0.067184	0.046523	0.020660
-6801.000000	0.066827	0.046471	0.020356
-6791.000000	0.066470	0.046419	0.020051
-6781.000000	0.066114	0.046367	0.019747
-6771.000000	0.065759	0.046316	0.019443
-6761.000000	0.065403	0.046264	0.019139
-6751.000000	0.065048	0.046212	0.018836
-6741.000000	0.064694	0.046161	0.018533
-6731.000000	0.064340	0.046109	0.018231
-6721.000000	0.063986	0.046057	0.017929
-6711.000000	0.063633	0.046006	0.017627
-6701.000000	0.063280	0.045954	0.017326
-6691.000000	0.062928	0.045903	0.017025
-6681.000000	0.062576	0.045852	0.016724
-6671.000000	0.062225	0.045800	0.016424
-6661.000000	0.061874	0.045749	0.016124
-6651.000000	0.061523	0.045698	0.015825
-6641.000000	0.061173	0.045647	0.015526
-6631.000000	0.060823	0.045596	0.015228
-6621.000000	0.060474	0.045544	0.014929
-6611.000000	0.060125	0.045493	0.014632
-6601.000000	0.059777	0.045442	0.014334
-6591.000000	0.059429	0.045392	0.014038
-6581.000000	0.059082	0.045341	0.013741
-6571.000000	0.058735	0.045290	0.013445
-6561.000000	0.058389	0.045239	0.013150
-6551.000000	0.058043	0.045188	0.012854
-6541.000000	0.057697	0.045138	0.012560
-6531.000000	0.057352	0.045087	0.012265
-6521.000000	0.057008	0.045036	0.011972
-6511.000000	0.056664	0.044986	0.011678
-6501.000000	0.056321	0.044935	0.011386
-6491.000000	0.055978	0.044885	0.011093
-6481.000000	0.055636	0.044835	0.010801
-6471.000000	0.055294	0.044784	0.010510
-6461.000000	0.054953	0.044734	0.010219
-6451.000000	0.054612	0.044684	0.009928
-6441.000000	0.054272	0.044633	0.009638
-6431.000000	0.053932	0.044583	0.009349
-6421.000000	0.053593	0.044533	0.009060
-6411.000000	0.053254	0.044483	0.008771
-6401.000000	0.052916	0.044433	0.008483
-6391.000000	0.052578	0.044383	0.008195
-6381.000000	0.052241	0.044333	0.007908
-6371.000000	0.051905	0.044283	0.007622
-6361.000000	0.051569	0.044233	0.007336
-6351.000000	0.051234	0.044184	0.007050
-6341.000000	0.050899	0.044134	0.006765
-6331.000000	0.050565	0.044084	0.006480
-6321.000000	0.050231	0.044035	0.006196
-6311.000000	0.049898	0.043985	0.005913
-6301.000000	0.049565	0.043936	0.005630
-6291.000000	0.049233	0.043886	0.005347
-6281.000000	0.048902	0.043837	0.005065
-6271.000000	0.048571	0.043787	0.004784
-6261.000000	0.048241	0.043738	0.004503
-6251.000000	0.047911	0.043689	0.004222
-6241.000000	0.047582	0.043639	0.003942
-6231.000000	0.047253	0.043590	0.003663
-6221.000000	0.046925	0.043541	0.003384
-6211.000000	0.046598	0.043492	0.003106
-6201.000000	0.046271	0.043443	0.002828
-6191.000000	0.045945	0.043394	0.002551
-6181.000000	0.045619	0.043345	0.002274
-6171.000000	0.045294	0.043296	0.001998
-6161.000000	0.044970	0.043247	0.001722
-6151.000000	0.044646	0.043198	0.001447
-6141.000000	0.044323	0.043150	0.001173
-6131.000000	0.044000	0.043101	0.000899
-6121.000000	0.043678	0.043052	0.000625
-6111.000000	0.043356	0.043004	0.000353
-6101.000000	0.043035	0.042955	0.000080
-6091.000000	0.042715	0.042907	-0.000192
-6081.000000	0.042396	0.042858	-0.000463
-6071.000000	0.042076	0.042810	-0.000733
-6061.000000	0.041758	0.042761	-0.001003
-6051.000000	0.041440	0.042713	-0.001273
-6041.000000	0.041123	0.042665	-0.001542
-6031.000000	0.040806	0.042617	-0.001810
-6021.000000	0.040490	0.042568	-0.002078
-6011.000000	0.040175	0.042520	-0.002346
-6001.000000	0.039860	0.042472	-0.002612
-5991.000000	0.039546	0.042424	-0.002879
-5981.000000	0.039232	0.042376	-0.003144
-5971.000000	0.038919	0.042328	-0.003409
-5961.000000	0.038607	0.042280	-0.003674
-5951.000000	0.038295	0.042233	-0.003938
-5941.000000	0.037984	0.042185	-0.004201
-5931.000000	0.037673	0.042137	-0.004464
-5921.000000	0.037363	0.042089	-0.004726
-5911.000000	0.037054	0.042042	-0.004987
-5901.000000	0.036746	0.041994	-0.005249
-5891.000000	0.036438	0.041947	-0.005509
-5881.000000	0.036130	0.041899	-0.005769
-5871.000000	0.035823	0.041852	-0.006028
-5861.000000	0.035517	0.041804	-0.006287
-5851.000000	0.035212	0.041757	-0.006545
-5841.000000	0.034907	0.041710	-0.006803
-5831.000000	0.034603	0.041662	-0.007060
-5821.000000	0.034299	0.041615	-0.007316
-5811.000000	0.033996	0.041568	-0.007572
-5801.000000	0.033694	0.041521	-0.007827
-5791.000000	0.033392	0.041474	-0.008082
-5781.000000	0.033091	0.041427	-0.008336
-5771.000000	0.032790	0.041380	-0.008589
-5761.000000	0.032490	0.041333	-0.008842
-5751.000000	0.032191	0.041286	-0.009095
-5741.000000	0.031893	0.041239	-0.009347
-5731.000000	0.031595	0.041192	-0.009598
-5721.000000	0.031297	0.041146	-0.009848
-5711.000000	0.031001	0.041099	-0.010098
-5701.000000	0.030705	0.041052	-0.010348
-5691.000000	0.030409	0.041006	-0.010597
-5681.000000	0.030115	0.040959	-0.010845
-5671.000000	0.029820	0.040913	-0.011092
-5661.000000	0.029527	0.040866	-0.011339
-5651.000000	0.029234	0.040820	-0.011586
-5641.000000	0.028942	0.040774	-0.011832
-5631.000000	0.028650	0.040727	-0.012077
-5621.000000	0.028359	0.040681	-0.012322
-5611.000000	0.028069	0.040635	-0.012566
-5601.000000	0.027779	0.040589	-0.012809
-5591.000000	0.027490	0.040543	-0.013052
-5581.000000	0.027202	0.040497	-0.013295
-5571.000000	0.026914	0.040451	-0.013536
-5561.000000	0.026627	0.040405	-0.013777
-5551.000000	0.026341	0.040359	-0.014018
-5541.000000	0.026055	0.040313	-0.014258
-5531.000000	0.025770	0.040267	-0.014497
-5521.000000	0.025485	0.040221	-0.014736
-5511.000000	0.025201	0.040176	-0.014974
-5501.000000	0.024918	0.040130	-0.015212
-5491.000000	0.024636	0.040084	-0.015449
-5481.000000	0.024354	0.040039	-0.015685
-5471.000000	0.024072	0.039993	-0.015921
-5461.000000	0.023792	0.039948	-0.016156
-5451.000000	0.023512	0.039902	-0.016391
-5441.000000	0.023232	0.039857	-0.016625
-5431.000000	0.022953	0.039812	-0.016858
-5421.000000	0.022675	0.039766	-0.017091
-5411.000000	0.022398	0.039721	-0.017323
-5401.000000	0.022121	0.039676	-0.017555
-5391.000000	0.021845	0.039631	-0.017786
-5381.000000	0.021570	0.039586	-0.018016
-5371.000000	0.021295	0.039541	-0.018246
-5361.000000	0.021020	0.039496	-0.018475
-5351.000000	0.020747	0.039451	-0.018704
-5341.000000	0.020474	0.039406	-0.018932
-5331.000000	0.020202	0.039361	-0.019159
-5321.000000	0.019930	0.039316	-0.019386
-5311.000000	0.019659	0.039272	-0.019612
-5301.000000	0.019389	0.039227	-0.019838
-5291.000000	0.019119	0.039182	-0.020063
-5281.000000	0.018850	0.039138	-0.020288
-5271.000000	0.018582	0.039093	-0.020511
-5261.000000	0.018314	0.039049	-0.020735
-5251.000000	0.018047	0.039004	-0.020957
-5241.000000	0.017780	0.038960	-0.021179
-5231.000000	0.017515	0.038915	-0.021401
-5221.000000	0.017249	0.038871	-0.021622
-5211.000000	0.016985	0.038827	-0.021842
-5201.000000	0.016721	0.038783	-0.022062
-5191.000000	0.016458	0.038738	-0.022281
-5181.000000	0.016195	0.038694	-0.022499
-5171.000000	0.015933	0.038650	-0.022717
-5161.000000	0.015672	0.038606	-0.022934
-5151.000000	0.015411	0.038562	-0.023151
-5141.000000	0.015151	0.038518	-0.023367
-5131.000000	0.014892	0.038474	-0.023582
-5121.000000	0.014633	0.038431	-0.023797
-5111.000000	0.014375	0.038387	-0.024012
-5101.000000	0.014118	0.038343	-0.024225
-5091.000000	0.013861	0.038299	-0.024438
-5081.000000	0.013605	0.038256	-0.024651
-5071.000000	0.013350	0.038212	-0.024863
-5061.000000	0.013095	0.038169	-0.025074
-5051.000000	0.012841	0.038125	-0.025285
-5041.000000	0.012587	0.038082	-0.025495
-5031.000000	0.012334	0.038038	-0.025704
-5021.000000	0.012082	0.037995	-0.025913
-5011.000000	0.011830	0.037952	-0.026121
-5001.000000	0.011580	0.037909	-0.026329
-4991.000000	0.011329	0.037865	-0.026536
-4981.000000	0.011080	0.037822	-0.026743
-4971.000000	0.010831	0.037779	-0.026948
-4961.000000	0.010582	0.037736	-0.027154
-4951.000000	0.010335	0.037693	-0.027358
-4941.000000	0.010087	0.037650	-0.027563
-4931.000000	0.009841	0.037607	-0.027766
-4921.000000	0.009595	0.037564	-0.027969
-4911.000000	0.009350	0.037521	-0.028171
-4901.000000	0.009106	0.037479	-0.028373
-4891.000000	0.008862	0.037436	-0.028574
-4881.000000	0.008619	0.037393	-0.028775
-4871.000000	0.008376	0.037351	-0.028975
-4861.000000	0.008134	0.037308	-0.029174
-4851.000000	0.007893	0.037266	-0.029373
-4841.000000	0.007652	0.037223	-0.029571
-4831.000000	0.007412	0.037181	-0.029768
-4821.000000	0.007173	0.037138	-0.029965
-4811.000000	0.006934	0.037096	-0.030162
-4801.000000	0.006696	0.037054	-0.030357
-4791.000000	0.006459	0.037012	-0.030553
-4781.000000	0.006222	0.036969	-0.030747
-4771.000000	0.005986	0.036927	-0.030941
-4761.000000	0.005751	0.036885	-0.031134
-4751.000000	0.005516	0.036843	-0.031327
-4741.000000	0.005282	0.036801	-0.031519
-4731.000000	0.005048	0.036759	-0.031711
-4721.000000	0.004815	0.036717	-0.031902
-4711.000000	0.004583	0.036675	-0.032092
-4701.000000	0.004351	0.036634	-0.032282
-4691.000000	0.004121	0.036592	-0.032471
-4681.000000	0.003890	0.036550	-0.032660
-4671.000000	0.003661	0.036509	-0.032848
-4661.000000	0.003432	0.036467	-0.033035
-4651.000000	0.003203	0.036425	-0.033222
-4641.000000	0.002975	0.036384	-0.033408
-4631.000000	0.002748	0.036342	-0.033594
-4621.000000	0.002522	0.036301	-0.033779
-4611.000000	0.002296	0.036260	-0.033964
-4601.000000	0.002071	0.036218	-0.034148
-4591.000000	0.001846	0.036177	-0.034331
-4581.000000	0.001622	0.036136	-0.034513
-4571.000000	0.001399	0.036095	-0.034696
-4561.000000	0.001177	0.036054	-0.034877
-4551.000000	0.000955	0.036013	-0.035058
-4541.000000	0.000733	0.035972	-0.035238
-4531.000000	0.000513	0.035931	-0.035418
-4521.000000	0.000293	0.035890	-0.035597
-4511.000000	0.000073	0.035849	-0.035776
-4501.000000	-0.000146	0.035808	-0.035954
-4491.000000	-0.000364	0.035767	-0.036131
-4481.000000	-0.000581	0.035726	-0.036308
-4471.000000	-0.000798	0.035686	-0.036484
-4461.000000	-0.001014	0.035645	-0.036660
-4451.000000	-0.001230	0.035605	-0.036834
-4441.000000	-0.001445	0.035564	-0.037009
-4431.000000	-0.001659	0.035523	-0.037183
-4421.000000	-0.001873	0.035483	-0.037356
-4411.000000	-0.002086	0.035443	-0.037529
-4401.000000	-0.002298	0.035402	-0.037701
-4391.000000	-0.002510	0.035362	-0.037872
-4381.000000	-0.002721	0.035322	-0.038043
-4371.000000	-0.002932	0.035282	-0.038213
-4361.000000	-0.003142	0.035241	-0.038383
-4351.000000	-0.003351	0.035201	-0.038552
-4341.000000	-0.003559	0.035161	-0.038721
-4331.000000	-0.003767	0.035121	-0.038889
-4321.000000	-0.003975	0.035081	-0.039056
-4311.000000	-0.004181	0.035041	-0.039223
-4301.000000	-0.004387	0.035002	-0.039389
-4291.000000	-0.004593	0.034962	-0.039554
-4281.000000	-0.004797	0.034922	-0.039719
-4271.000000	-0.005002	0.034882	-0.039884
-4261.000000	-0.005205	0.034843	-0.040048
-4251.000000	-0.005408	0.034803	-0.040211
-4241.000000	-0.005610	0.034763	-0.040373
-4231.000000	-0.005812	0.034724	-0.040536
-4221.000000	-0.006013	0.034684	-0.040697
-4211.000000	-0.006213	0.034645	-0.040858
-4201.000000	-0.006413	0.034606	-0.041018
-4191.000000	-0.006612	0.034566	-0.041178
-4181.000000	-0.006810	0.034527	-0.041337
-4171.000000	-0.007008	0.034488	-0.041496
-4161.000000	-0.007205	0.034449	-0.041654
-4151.000000	-0.007402	0.034409	-0.041811
-4141.000000	-0.007597	0.034370	-0.041968
-4131.000000	-0.007793	0.034331	-0.042124
-4121.000000	-0.007987	0.034292	-0.042280
-4111.000000	-0.008181	0.034253	-0.042435
-4101.000000	-0.008375	0.034214	-0.042589
-4091.000000	-0.008567	0.034176	-0.042743
-4081.000000	-0.008759	0.034137	-0.042896
-4071.000000	-0.008951	0.034098	-0.043049
-4061.000000	-0.009142	0.034059	-0.043201
-4051.000000	-0.009332	0.034021	-0.043353
-4041.000000	-0.009522	0.033982	-0.043504
-4031.000000	-0.009710	0.033944	-0.043654
-4021.000000	-0.009899	0.033905	-0.043804
-4011.000000	-0.010086	0.033867	-0.043953
-4001.000000	-0.010274	0.033828	-0.044102
-3991.000000	-0.010460	0.033790	-0.044250
-3981.000000	-0.010646	0.033752	-0.044397
-3971.000000	-0.010831	0.033713	-0.044544
-3961.000000	-0.011015	0.033675	-0.044690
-3951.000000	-0.011199	0.033637	-0.044836
-3941.000000	-0.011383	0.033599	-0.044981
-3931.000000	-0.011565	0.033561	-0.045126
-3921.000000	-0.011747	0.033523	-0.045270
-3911.000000	-0.011929	0.033485	-0.045413
-3901.000000	-0.012109	0.033447	-0.045556
-3891.000000	-0.012289	0.033409	-0.045698
-3881.000000	-0.012469	0.033371	-0.045840
-3871.000000	-0.012648	0.033333	-0.045981
-3861.000000	-0.012826	0.033296	-0.046122
-3851.000000	-0.013004	0.033258	-0.046262
-3841.000000	-0.013181	0.033220	-0.046401
-3831.000000	-0.013357	0.033183	-0.046540
-3821.000000	-0.013533	0.033145	-0.046678
-3811.000000	-0.013708	0.033108	-0.046815
-3801.000000	-0.013882	0.033070	-0.046953
-3791.000000	-0.014056	0.033033	-0.047089
-3781.000000	-0.014229	0.032995	-0.047225
-3771.000000	-0.014402	0.032958	-0.047360
-3761.000000	-0.014574	0.032921	-0.047495
-3751.000000	-0.014745	0.032884	-0.047629
-3741.000000	-0.014916	0.032846	-0.047763
-3731.000000	-0.015086	0.032809	-0.047896
-3721.000000	-0.015256	0.032772	-0.048028
-3711.000000	-0.015424	0.032735	-0.048160
-3701.000000	-0.015593	0.032698	-0.048291
-3691.000000	-0.015760	0.032661	-0.048422
-3681.000000	-0.015927	0.032625	-0.048552
-3671.000000	-0.016094	0.032588	-0.048681
-3661.000000	-0.016259	0.032551	-0.048810
-3651.000000	-0.016424	0.032514	-0.048939
-3641.000000	-0.016589	0.032478	-0.049067
-3631.000000	-0.016753	0.032441	-0.049194
-3621.000000	-0.016916	0.032404	-0.049320
-3611.000000	-0.017079	0.032368	-0.049447
-3601.000000	-0.017241	0.032331	-0.049572
-3591.000000	-0.017402	0.032295	-0.049697
-3581.000000	-0.017563	0.032259	-0.049821
-3571.000000	-0.017723	0.032222	-0.049945
-3561.000000	-0.017882	0.032186	-0.050068
-3551.000000	-0.018041	0.032150	-0.050191
-3541.000000	-0.018199	0.032114	-0.050313
-3531.000000	-0.018357	0.032077	-0.050434
-3521.000000	-0.018514	0.032041	-0.050555
-3511.000000	-0.018670	0.032005	-0.050676
-3501.000000	-0.018826	0.031969	-0.050795
-3491.000000	-0.018981	0.031933	-0.050915
-3481.000000	-0.019136	0.031897	-0.051033
-3471.000000	-0.019290	0.031862	-0.051151
-3461.000000	-0.019443	0.031826	-0.051269
-3451.000000	-0.019596	0.031790	-0.051386
-3441.000000	-0.019748	0.031754	-0.051502
-3431.000000	-0.019899	0.031719	-0.051618
-3421.000000	-0.020050	0.031683	-0.051733
-3411.000000	-0.020200	0.031648	-0.051847
-3401.000000	-0.020350	0.031612	-0.051962
-3391.000000	-0.020498	0.031577	-0.052075
-3381.000000	-0.020647	0.031541	-0.052188
-3371.000000	-0.020794	0.031506	-0.052300
-3361.000000	-0.020941	0.031470	-0.052412
-3351.000000	-0.021088	0.031435	-0.052523
-3341.000000	-0.021234	0.031400	-0.052634
-3331.000000	-0.021379	0.031365	-0.052744
-3321.000000	-0.021523	0.031330	-0.052853
-3311.000000	-0.021667	0.031295	-0.052962
-3301.000000	-0.021811	0.031260	-0.053070
-3291.000000	-0.021953	0.031225	-0.053178
-3281.000000	-0.022096	0.031190	-0.053285
-3271.000000	-0.022237	0.031155	-0.053392
-3261.000000	-0.022378	0.031120	-0.053498
-3251.000000	-0.022518	0.031085	-0.053603
-3241.000000	-0.022658	0.031050	-0.053708
-3231.000000	-0.022797	0.031016	-0.053813
-3221.000000	-0.022935	0.030981	-0.053916
-3211.000000	-0.023073	0.030946	-0.054019
-3201.000000	-0.023210	0.030912	-0.054122
-3191.000000	-0.023347	0.030877	-0.054224
-3181.000000	-0.023483	0.030843	-0.054326
-3171.000000	-0.023618	0.030809	-0.054426
-3161.000000	-0.023752	0.030774	-0.054527
-3151.000000	-0.023887	0.030740	-0.054627
-3141.000000	-0.024020	0.030706	-0.054726
-3131.000000	-0.024153	0.030672	-0.054824
-3121.000000	-0.024285	0.030637	-0.054922
-3111.000000	-0.024417	0.030603	-0.055020
-3101.000000	-0.024548	0.030569	-0.055117
-3091.000000	-0.024678	0.030535	-0.055213
-3081.000000	-0.024808	0.030501	-0.055309
-3071.000000	-0.024937	0.030467	-0.055404
-3061.000000	-0.025065	0.030433	-0.055499
-3051.000000	-0.025193	0.030400	-0.055593
-3041.000000	-0.025320	0.030366	-0.055686
-3031.000000	-0.025447	0.030332	-0.055779
-3021.000000	-0.025573	0.030298	-0.055872
-3011.000000	-0.025699	0.030265	-0.055963
-3001.000000	-0.025823	0.030231	-0.056055
-2991.000000	-0.025947	0.030198	-0.056145
-2981.000000	-0.026071	0.030164	-0.056235
-2971.000000	-0.026194	0.030131	-0.056325
-2961.000000	-0.026316	0.030097	-0.056414
-2951.000000	-0.026438	0.030064	-0.056502
-2941.000000	-0.026559	0.030031	-0.056590
-2931.000000	-0.026680	0.029998	-0.056677
-2921.000000	-0.026799	0.029964	-0.056764
-2911.000000	-0.026919	0.029931	-0.056850
-2901.000000	-0.027037	0.029898	-0.056935
-2891.000000	-0.027155	0.029865	-0.057020
-2881.000000	-0.027273	0.029832	-0.057105
-2871.000000	-0.027390	0.029799	-0.057189
-2861.000000	-0.027506	0.029766	-0.057272
-2851.000000	-0.027621	0.029733	-0.057355
-2841.000000	-0.027736	0.029701	-0.057437
-2831.000000	-0.027851	0.029668	-0.057518
-2821.000000	-0.027964	0.029635	-0.057599
-2811.000000	-0.028077	0.029602	-0.057680
-2801.000000	-0.028190	0.029570	-0.057760
-2791.000000	-0.028302	0.029537	-0.057839
-2781.000000	-0.028413	0.029505	-0.057918
-2771.000000	-0.028524	0.029472	-0.057996
-2761.000000	-0.028634	0.029440	-0.058073
-2751.000000	-0.028743	0.029408	-0.058150
-2741.000000	-0.028852	0.029375	-0.058227
-2731.000000	-0.028960	0.029343	-0.058303
-2721.000000	-0.029067	0.029311	-0.058378
-2711.000000	-0.029174	0.029279	-0.058453
-2701.000000	-0.029281	0.029246	-0.058527
-2691.000000	-0.029386	0.029214	-0.058601
-2681.000000	-0.029491	0.029182	-0.058674
-2671.000000	-0.029596	0.029150	-0.058746
-2661.000000	-0.029700	0.029118	-0.058818
-2651.000000	-0.029803	0.029087	-0.058890
-2641.000000	-0.029906	0.029055	-0.058960
-2631.000000	-0.030008	0.029023	-0.059031
-2621.000000	-0.030109	0.028991	-0.059100
-2611.000000	-0.030210	0.028959	-0.059169
-2601.000000	-0.030310	0.028928	-0.059238
-2591.000000	-0.030410	0.028896	-0.059306
-2581.000000	-0.030509	0.028865	-0.059373
-2571.000000	-0.030607	0.028833	-0.059440
-2561.000000	-0.030705	0.028802	-0.059506
-2551.000000	-0.030802	0.028770	-0.059572
-2541.000000	-0.030898	0.028739	-0.059637
-2531.000000	-0.030994	0.028708	-0.059702
-2521.000000	-0.031089	0.028676	-0.059766
-2511.000000	-0.031184	0.028645	-0.059829
-2501.000000	-0.031278	0.028614	-0.059892
-2491.000000	-0.031371	0.028583	-0.059954
-2481.000000	-0.031464	0.028552	-0.060016
-2471.000000	-0.031556	0.028521	-0.060077
-2461.000000	-0.031648	0.028490	-0.060138
-2451.000000	-0.031739	0.028459	-0.060198
-2441.000000	-0.031829	0.028428	-0.060257
-2431.000000	-0.031919	0.028397	-0.060316
-2421.000000	-0.032008	0.028366	-0.060374
-2411.000000	-0.032096	0.028336	-0.060432
-2401.000000	-0.032184	0.028305	-0.060489
-2391.000000	-0.032272	0.028274	-0.060546
-2381.000000	-0.032358	0.028244	-0.060602
-2371.000000	-0.032444	0.028213	-0.060658
-2361.000000	-0.032530	0.028183	-0.060713
-2351.000000	-0.032614	0.028152	-0.060767
-2341.000000	-0.032699	0.028122	-0.060821
-2331.000000	-0.032782	0.028092	-0.060874
-2321.000000	-0.032865	0.028061	-0.060927
-2311.000000	-0.032947	0.028031	-0.060979
-2301.000000	-0.033029	0.028001	-0.061030
-2291.000000	-0.033110	0.027971	-0.061081
-2281.000000	-0.033191	0.027941	-0.061132
-2271.000000	-0.033271	0.027911	-0.061181
-2261.000000	-0.033350	0.027881	-0.061231
-2251.000000	-0.033429	0.027851	-0.061279
-2241.000000	-0.033507	0.027821	-0.061327
-2231.000000	-0.033584	0.027791	-0.061375
-2221.000000	-0.033661	0.027761	-0.061422
-2211.000000	-0.033737	0.027731	-0.061468
-2201.000000	-0.033813	0.027702	-0.061514
-2191.000000	-0.033887	0.027672	-0.061560
-2181.000000	-0.033962	0.027642	-0.061604
-2171.000000	-0.034036	0.027613	-0.061648
-2161.000000	-0.034109	0.027583	-0.061692
-2151.000000	-0.034181	0.027554	-0.061735
-2141.000000	-0.034253	0.027524	-0.061777
-2131.000000	-0.034324	0.027495	-0.061819
-2121.000000	-0.034395	0.027466	-0.061861
-2111.000000	-0.034465	0.027436	-0.061901
-2101.000000	-0.034534	0.027407	-0.061942
-2091.000000	-0.034603	0.027378	-0.061981
-2081.000000	-0.034671	0.027349	-0.062020
-2071.000000	-0.034739	0.027320	-0.062059
-2061.000000	-0.034806	0.027291	-0.062097
-2051.000000	-0.034872	0.027262	-0.062134
-2041.000000	-0.034938	0.027233	-0.062171
-2031.000000	-0.035003	0.027204	-0.062207
-2021.000000	-0.035067	0.027175	-0.062243
-2011.000000	-0.035131	0.027146	-0.062278
-2001.000000	-0.035194	0.027118	-0.062312
-1991.000000	-0.035257	0.027089	-0.062346
-1981.000000	-0.035319	0.027060	-0.062379
-1971.000000	-0.035381	0.027032	-0.062412
-1961.000000	-0.035441	0.027003	-0.062444
-1951.000000	-0.035501	0.026975	-0.062476
-1941.000000	-0.035561	0.026946	-0.062507
-1931.000000	-0.035620	0.026918	-0.062538
-1921.000000	-0.035678	0.026889	-0.062568
-1911.000000	-0.035736	0.026861	-0.062597
-1901.000000	-0.035793	0.026833	-0.062626
-1891.000000	-0.035849	0.026805	-0.062654
-1881.000000	-0.035905	0.026777	-0.062682
-1871.000000	-0.035960	0.026748	-0.062709
-1861.000000	-0.036015	0.026720	-0.062735
-1851.000000	-0.036069	0.026692	-0.062761
-1841.000000	-0.036122	0.026664	-0.062787
-1831.000000	-0.036175	0.026636	-0.062812
-1821.000000	-0.036227	0.026609	-0.062836
-1811.000000	-0.036279	0.026581	-0.062859
-1801.000000	-0.036330	0.026553	-0.062883
-1791.000000	-0.036380	0.026525	-0.062905
-1781.000000	-0.036430	0.026498	-0.062927
-1771.000000	-0.036479	0.026470	-0.062949
-1761.000000	-0.036527	0.026442	-0.062969
-1751.000000	-0.036575	0.026415	-0.062990
-1741.000000	-0.036622	0.026387	-0.063009
-1731.000000	-0.036668	0.026360	-0.063028
-1721.000000	-0.036714	0.026332	-0.063047
-1711.000000	-0.036760	0.026305	-0.063065
-1701.000000	-0.036804	0.026278	-0.063082
-1691.000000	-0.036848	0.026251	-0.063099
-1681.000000	-0.036892	0.026223	-0.063115
-1671.000000	-0.036935	0.026196	-0.063131
-1661.000000	-0.036977	0.026169	-0.063146
-1651.000000	-0.037019	0.026142	-0.063161
-1641.000000	-0.037060	0.026115	-0.063175
-1631.000000	-0.037100	0.026088	-0.063188
-1621.000000	-0.037140	0.026061	-0.063201
-1611.000000	-0.037179	0.026034	-0.063213
-1601.000000	-0.037217	0.026008	-0.063225
-1591.000000	-0.037255	0.025981	-0.063236
-1581.000000	-0.037292	0.025954	-0.063246
-1571.000000	-0.037329	0.025927	-0.063256
-1561.000000	-0.037365	0.025901	-0.063266
-1551.000000	-0.037400	0.025874	-0.063275
-1541.000000	-0.037435	0.025848	-0.063283
-1531.000000	-0.037469	0.025821	-0.063290
-1521.000000	-0.037503	0.025795	-0.063297
-1511.000000	-0.037536	0.025768	-0.063304
-1501.000000	-0.037568	0.025742	-0.063310
-1491.000000	-0.037599	0.025716	-0.063315
-1481.000000	-0.037630	0.025690	-0.063320
-1471.000000	-0.037661	0.025663	-0.063324
-1461.000000	-0.037691	0.025637	-0.063328
-1451.000000	-0.037720	0.025611	-0.063331
-1441.000000	-0.037748	0.025585	-0.063333
-1431.000000	-0.037776	0.025559	-0.063335
-1421.000000	-0.037803	0.025533	-0.063337
-1411.000000	-0.037830	0.025507	-0.063337
-1401.000000	-0.037856	0.025482	-0.063338
-1391.000000	-0.037881	0.025456	-0.063337
-1381.000000	-0.037906	0.025430	-0.063336
-1371.000000	-0.037930	0.025404	-0.063335
-1361.000000	-0.037954	0.025379	-0.063332
-1351.000000	-0.037977	0.025353	-0.063330
-1341.000000	-0.037999	0.025328	-0.063326
-1331.000000	-0.038021	0.025302	-0.063323
-1321.000000	-0.038042	0.025277	-0.063318
-1311.000000	-0.038062	0.025251	-0.063313
-1301.000000	-0.038082	0.025226	-0.063308
-1291.000000	-0.038101	0.025200	-0.063301
-1281.000000	-0.038119	0.025175	-0.063295
-1271.000000	-0.038137	0.025150	-0.063287
-1261.000000	-0.038155	0.025125	-0.063279
-1251.000000	-0.038171	0.025100	-0.063271
-1241.000000	-0.038187	0.025075	-0.063262
-1231.000000	-0.038203	0.025050	-0.063252
-1221.000000	-0.038217	0.025025	-0.063242
-1211.000000	-0.038231	0.025000	-0.063231
-1201.000000	-0.038245	0.024975	-0.063220
-1191.000000	-0.038258	0.024950	-0.063208
-1181.000000	-0.038270	0.024925	-0.063195
-1171.000000	-0.038281	0.024901	-0.063182
-1161.000000	-0.038292	0.024876	-0.063168
-1151.000000	-0.038303	0.024851	-0.063154
-1141.000000	-0.038312	0.024827	-0.063139
-1131.000000	-0.038322	0.024802	-0.063124
-1121.000000	-0.038330	0.024778	-0.063108
-1111.000000	-0.038338	0.024753	-0.063091
-1101.000000	-0.038345	0.024729	-0.063074
-1091.000000	-0.038351	0.024704	-0.063056
-1081.000000	-0.038357	0.024680	-0.063038
-1071.000000	-0.038363	0.024656	-0.063019
-1061.000000	-0.038367	0.024632	-0.062999
-1051.000000	-0.038371	0.024608	-0.062979
-1041.000000	-0.038375	0.024583	-0.062958
-1031.000000	-0.038377	0.024559	-0.062937
-1021.000000	-0.038380	0.024535	-0.062915
-1011.000000	-0.038381	0.024511	-0.062892
-1001.000000	-0.038382	0.024487	-0.062869
-991.000000	-0.038382	0.024464	-0.062846
-981.000000	-0.038382	0.024440	-0.062822
-971.000000	-0.038381	0.024416	-0.062797
-961.000000	-0.038379	0.024392	-0.062771
-951.000000	-0.038377	0.024369	-0.062745
-941.000000	-0.038374	0.024345	-0.062719
-931.000000	-0.038370	0.024321	-0.062692
-921.000000	-0.038366	0.024298	-0.062664
-911.000000	-0.038361	0.024274	-0.062635
-901.000000	-0.038355	0.024251	-0.062607
-891.000000	-0.038349	0.024228	-0.062577
-881.000000	-0.038343	0.024204	-0.062547
-871.000000	-0.038335	0.024181	-0.062516
-861.000000	-0.038327	0.024158	-0.062485
-851.000000	-0.038318	0.024135	-0.062453
-841.000000	-0.038309	0.024112	-0.062421
-831.000000	-0.038299	0.024088	-0.062387
-821.000000	-0.038288	0.024065	-0.062354
-811.000000	-0.038277	0.024042	-0.062320
-801.000000	-0.038265	0.024019	-0.062285
-791.000000	-0.038253	0.023997	-0.062249
-781.000000	-0.038240	0.023974	-0.062213
-771.000000	-0.038226	0.023951	-0.062177
-761.000000	-0.038211	0.023928	-0.062140
-751.000000	-0.038196	0.023905	-0.062102
-741.000000	-0.038181	0.023883	-0.062063
-731.000000	-0.038164	0.023860	-0.062024
-721.000000	-0.038147	0.023838	-0.061985
-711.000000	-0.038130	0.023815	-0.061945
-701.000000	-0.038111	0.023793	-0.061904
-691.000000	-0.038092	0.023770	-0.061863
-681.000000	-0.038073	0.023748	-0.061821
-671.000000	-0.038052	0.023726	-0.061778
-661.000000	-0.038032	0.023703	-0.061735
-651.000000	-0.038010	0.023681	-0.061691
-641.000000	-0.037988	0.023659	-0.061647
-631.000000	-0.037965	0.023637	-0.061602
-621.000000	-0.037942	0.023615	-0.061556
-611.000000	-0.037918	0.023593	-0.061510
-601.000000	-0.037893	0.023571	-0.061464
-591.000000	-0.037867	0.023549	-0.061416
-581.000000	-0.037841	0.023527	-0.061368
-571.000000	-0.037815	0.023505	-0.061320
-561.000000	-0.037787	0.023483	-0.061271
-551.000000	-0.037759	0.023462	-0.061221
-541.000000	-0.037731	0.023440	-0.061171
-531.000000	-0.037701	0.023418	-0.061120
-521.000000	-0.037672	0.023397	-0.061068
-511.000000	-0.037641	0.023375	-0.061016
-501.000000	-0.037610	0.023354	-0.060963
-491.000000	-0.037578	0.023332	-0.060910
-481.000000	-0.037545	0.023311	-0.060856
-471.000000	-0.037512	0.023289	-0.060802
-461.000000	-0.037478	0.023268	-0.060747
-451.000000	-0.037444	0.023247	-0.060691
-441.000000	-0.037409	0.023226	-0.060634
-431.000000	-0.037373	0.023205	-0.060578
-421.000000	-0.037337	0.023183	-0.060520
-411.000000	-0.037299	0.023162	-0.060462
-401.000000	-0.037262	0.023141	-0.060403
-391.000000	-0.037223	0.023120	-0.060344
-381.000000	-0.037184	0.023100	-0.060284
-371.000000	-0.037145	0.023079	-0.060223
-361.000000	-0.037104	0.023058	-0.060162
-351.000000	-0.037063	0.023037	-0.060100
-341.000000	-0.037022	0.023016	-0.060038
-331.000000	-0.036979	0.022996	-0.059975
-321.000000	-0.036936	0.022975	-0.059911
-311.000000	-0.036893	0.022954	-0.059847
-301.000000	-0.036848	0.022934	-0.059782
-291.000000	-0.036803	0.022913	-0.059717
-281.000000	-0.036758	0.022893	-0.059651
-271.000000	-0.036711	0.022873	-0.059584
-261.000000	-0.036665	0.022852	-0.059517
-251.000000	-0.036617	0.022832	-0.059449
-241.000000	-0.036569	0.022812	-0.059381
-231.000000	-0.036520	0.022792	-0.059311
-221.000000	-0.036470	0.022771	-0.059242
-211.000000	-0.036420	0.022751	-0.059171
-201.000000	-0.036369	0.022731	-0.059100
-191.000000	-0.036318	0.022711	-0.059029
-181.000000	-0.036265	0.022691	-0.058957
-171.000000	-0.036212	0.022672	-0.058884
-161.000000	-0.036159	0.022652	-0.058811
-151.000000	-0.036105	0.022632	-0.058737
-141.000000	-0.036050	0.022612	-0.058662
-131.000000	-0.035994	0.022592	-0.058587
-121.000000	-0.035938	0.022573	-0.058511
-111.000000	-0.035881	0.022553	-0.058434
-101.000000	-0.035824	0.022534	-0.058357
-91.000000	-0.035766	0.022514	-0.058280
-81.000000	-0.035707	0.022495	-0.058201
-71.000000	-0.035647	0.022475	-0.058122
-61.000000	-0.035587	0.022456	-0.058043
-51.000000	-0.035526	0.022437	-0.057963
-41.000000	-0.035465	0.022417	-0.057882
-31.000000	-0.035402	0.022398	-0.057800
-21.000000	-0.035339	0.022379	-0.057718
-11.000000	-0.035276	0.022360	-0.057636
-1.000000	-0.035212	0.022341	-0.057552
9.000000	-0.035147	0.022322	-0.057468
19.000000	-0.035081	0.022303	-0.057384
29.000000	-0.035015	0.022284	-0.057299
39.000000	-0.034948	0.022265	-0.057213
49.000000	-0.034881	0.022246	-0.057127
59.000000	-0.034812	0.022227	-0.057040
69.000000	-0.034743	0.022209	-0.056952
79.000000	-0.034674	0.022190	-0.056864
89.000000	-0.034604	0.022171	-0.056775
99.000000	-0.034533	0.022153	-0.056685
109.000000	-0.034461	0.022134	-0.056595
119.000000	-0.034389	0.022116	-0.056504
129.000000	-0.034316	0.022097	-0.056413
139.000000	-0.034242	0.022079	-0.056321
149.000000	-0.034168	0.022060	-0.056228
159.000000	-0.034093	0.022042	-0.056135
169.000000	-0.034017	0.022024	-0.056041
179.000000	-0.033941	0.022006	-0.055946
189.000000	-0.033864	0.021987	-0.055851
199.000000	-0.033786	0.021969	-0.055755
209.000000	-0.033707	0.021951	-0.055659
219.000000	-0.033628	0.021933	-0.055562
229.000000	-0.033549	0.021915	-0.055464
239.000000	-0.033468	0.021897	-0.055366
249.000000	-0.033387	0.021880	-0.055267
259.000000	-0.033305	0.021862	-0.055167
269.000000	-0.033223	0.021844	-0.055067
279.000000	-0.033139	0.021826	-0.054966
289.000000	-0.033056	0.021809	-0.054864
299.000000	-0.032971	0.021791	-0.054762
309.000000	-0.032886	0.021773	-0.054659
319.000000	-0.032800	0.021756	-0.054556
329.000000	-0.032713	0.021738	-0.054452
339.000000	-0.032626	0.021721	-0.054347
349.000000	-0.032538	0.021703	-0.054241
359.000000	-0.032449	0.021686	-0.054135
369.000000	-0.032360	0.021669	-0.054029
379.000000	-0.032270	0.021652	-0.053921
389.000000	-0.032179	0.021634	-0.053813
399.000000	-0.032088	0.021617	-0.053705
409.000000	-0.031995	0.021600	-0.053596
419.000000	-0.031903	0.021583	-0.053486
429.000000	-0.031809	0.021566	-0.053375
439.000000	-0.031715	0.021549	-0.053264
449.000000	-0.031620	0.021532	-0.053152
459.000000	-0.031524	0.021515	-0.053040
469.000000	-0.031428	0.021499	-0.052927
479.000000	-0.031331	0.021482	-0.052813
489.000000	-0.031233	0.021465	-0.052698
499.000000	-0.031135	0.021449	-0.052583
509.000000	-0.031036	0.021432	-0.052468
519.000000	-0.030936	0.021415	-0.052351
529.000000	-0.030835	0.021399	-0.052234
539.000000	-0.030734	0.021382	-0.052117
549.000000	-0.030632	0.021366	-0.051998
559.000000	-0.030530	0.021350	-0.051879
569.000000	-0.030426	0.021333	-0.051760
579.000000	-0.030322	0.021317	-0.051640
589.000000	-0.030218	0.021301	-0.051519
599.000000	-0.030112	0.021285	-0.051397
609.000000	-0.030006	0.021268	-0.051275
619.000000	-0.029899	0.021252	-0.051152
629.000000	-0.029792	0.021236	-0.051028
639.000000	-0.029684	0.021220	-0.050904
649.000000	-0.029575	0.021204	-0.050779
659.000000	-0.029465	0.021189	-0.050654
669.000000	-0.029355	0.021173	-0.050528
679.000000	-0.029244	0.021157	-0.050401
689.000000	-0.029132	0.021141	-0.050273
699.000000	-0.029019	0.021126	-0.050145
709.000000	-0.028906	0.021110	-0.050016
719.000000	-0.028792	0.021094	-0.049887
729.000000	-0.028678	0.021079	-0.049757
739.000000	-0.028562	0.021063	-0.049626
749.000000	-0.028446	0.021048	-0.049494
759.000000	-0.028330	0.021032	-0.049362
769.000000	-0.028212	0.021017	-0.049229
779.000000	-0.028094	0.021002	-0.049096
789.000000	-0.027975	0.020986	-0.048962
799.000000	-0.027856	0.020971	-0.048827
809.000000	-0.027735	0.020956	-0.048691
819.000000	-0.027614	0.020941	-0.048555
829.000000	-0.027492	0.020926	-0.048418
839.000000	-0.027370	0.020911	-0.048281
849.000000	-0.027247	0.020896	-0.048143
859.000000	-0.027123	0.020881	-0.048004
869.000000	-0.026998	0.020866	-0.047864
879.000000	-0.026873	0.020851	-0.047724
889.000000	-0.026747	0.020837	-0.047583
899.000000	-0.026620	0.020822	-0.047442
909.000000	-0.026492	0.020807	-0.047300
919.000000	-0.026364	0.020793	-0.047157
929.000000	-0.026235	0.020778	-0.047013
939.000000	-0.026105	0.020763	-0.046869
949.000000	-0.025975	0.020749	-0.046724
959.000000	-0.025844	0.020735	-0.046578
969.000000	-0.025712	0.020720	-0.046432
979.000000	-0.025579	0.020706	-0.046285
989.000000	-0.025446	0.020691	-0.046138
999.000000	-0.025312	0.020677	-0.045989
1009.000000	-0.025177	0.020663	-0.045840
1019.000000	-0.025042	0.020649	-0.045690
1029.000000	-0.024905	0.020635	-0.045540
1039.000000	-0.024768	0.020621	-0.045389
1049.000000	-0.024631	0.020607	-0.045237
1059.000000	-0.024492	0.020593	-0.045085
1069.000000	-0.024353	0.020579	-0.044932
1079.000000	-0.024213	0.020565	-0.044778
1089.000000	-0.024072	0.020551	-0.044624
1099.000000	-0.023931	0.020537	-0.044468
1109.000000	-0.023789	0.020524	-0.044312
1119.000000	-0.023646	0.020510	-0.044156
1129.000000	-0.023502	0.020497	-0.043999
1139.000000	-0.023358	0.020483	-0.043841
1149.000000	-0.023213	0.020469	-0.043682
1159.000000	-0.023067	0.020456	-0.043523
1169.000000	-0.022920	0.020443	-0.043363
1179.000000	-0.022773	0.020429	-0.043202
1189.000000	-0.022625	0.020416	-0.043041
1199.000000	-0.022476	0.020403	-0.042879
1209.000000	-0.022326	0.020389	-0.042716
1219.000000	-0.022176	0.020376	-0.042552
1229.000000	-0.022025	0.020363	-0.042388
1239.000000	-0.021873	0.020350	-0.042223
1249.000000	-0.021721	0.020337	-0.042058
1259.000000	-0.021567	0.020324	-0.041891
1269.000000	-0.021413	0.020311	-0.041724
1279.000000	-0.021258	0.020298	-0.041557
1289.000000	-0.021103	0.020285	-0.041388
1299.000000	-0.020947	0.020272	-0.041219
1309.000000	-0.020789	0.020260	-0.041049
1319.000000	-0.020632	0.020247	-0.040879
1329.000000	-0.020473	0.020234	-0.040708
1339.000000	-0.020314	0.020222	-0.040536
1349.000000	-0.020154	0.020209	-0.040363
1359.000000	-0.019993	0.020197	-0.040190
1369.000000	-0.019831	0.020184	-0.040016
1379.000000	-0.019669	0.020172	-0.039841
1389.000000	-0.019506	0.020160	-0.039665
1399.000000	-0.019342	0.020147	-0.039489
1409.000000	-0.019177	0.020135	-0.039312
1419.000000	-0.019012	0.020123	-0.039135
1429.000000	-0.018846	0.020111	-0.038956
1439.000000	-0.018679	0.020098	-0.038777
1449.000000	-0.018511	0.020086	-0.038598
1459.000000	-0.018343	0.020074	-0.038417
1469.000000	-0.018173	0.020062	-0.038236
1479.000000	-0.018003	0.020051	-0.038054
1489.000000	-0.017833	0.020039	-0.037871
1499.000000	-0.017661	0.020027	-0.037688
1509.000000	-0.017489	0.020015	-0.037504
1519.000000	-0.017316	0.020003	-0.037319
1529.000000	-0.017142	0.019992	-0.037134
1539.000000	-0.016967	0.019980	-0.036947
1549.000000	-0.016792	0.019968	-0.036760
1559.000000	-0.016616	0.019957	-0.036573
1569.000000	-0.016439	0.019945	-0.036384
1579.000000	-0.016261	0.019934	-0.036195
1589.000000	-0.016083	0.019923	-0.036005
1599.000000	-0.015904	0.019911	-0.035815
1609.000000	-0.015723	0.019900	-0.035623
1619.000000	-0.015543	0.019889	-0.035431
1629.000000	-0.015361	0.019877	-0.035239
1639.000000	-0.015179	0.019866	-0.035045
1649.000000	-0.014996	0.019855	-0.034851
1659.000000	-0.014812	0.019844	-0.034656
1669.000000	-0.014627	0.019833	-0.034460
1679.000000	-0.014442	0.019822	-0.034264
1689.000000	-0.014255	0.019811	-0.034067
1699.000000	-0.014068	0.019800	-0.033869
1709.000000	-0.013880	0.019790	-0.033670
1719.000000	-0.013692	0.019779	-0.033471
1729.000000	-0.013502	0.019768	-0.033271
1739.000000	-0.013312	0.019758	-0.033070
1749.000000	-0.013121	0.019747	-0.032868
1759.000000	-0.012930	0.019736	-0.032666
1769.000000	-0.012737	0.019726	-0.032463
1779.000000	-0.012544	0.019715	-0.032259
1789.000000	-0.012350	0.019705	-0.032054
1799.000000	-0.012155	0.019695	-0.031849
1809.000000	-0.011959	0.019684	-0.031643
1819.000000	-0.011762	0.019674	-0.031436
1829.000000	-0.011565	0.019664	-0.031229
1839.000000	-0.011367	0.019654	-0.031021
1849.000000	-0.011168	0.019643	-0.030812
1859.000000	-0.010968	0.019633	-0.030602
1869.000000	-0.010768	0.019623	-0.030391
1879.000000	-0.010567	0.019613	-0.030180
1889.000000	-0.010365	0.019603	-0.029968
1899.000000	-0.010162	0.019593	-0.029755
1909.000000	-0.009958	0.019584	-0.029542
1919.000000	-0.009754	0.019574	-0.029327
1929.000000	-0.009548	0.019564	-0.029112
1939.000000	-0.009342	0.019554	-0.028897
1949.000000	-0.009135	0.019545	-0.028680
1959.000000	-0.008928	0.019535	-0.028463
1969.000000	-0.008719	0.019526	-0.028245
1979.000000	-0.008510	0.019516	-0.028026
1989.000000	-0.008300	0.019507	-0.027806
1999.000000	-0.008089	0.019497	-0.027586
2009.000000	-0.007877	0.019488	-0.027365
2019.000000	-0.007665	0.019479	-0.027143
2029.000000	-0.007451	0.019469	-0.026921
2039.000000	-0.007237	0.019460	-0.026697
2049.000000	-0.007022	0.019451	-0.026473
2059.000000	-0.006806	0.019442	-0.026248
2069.000000	-0.006590	0.019433	-0.026023
2079.000000	-0.006372	0.019424	-0.025796
2089.000000	-0.006154	0.019415	-0.025569
2099.000000	-0.005935	0.019406	-0.025341
2109.000000	-0.005715	0.019397	-0.025112
2119.000000	-0.005495	0.019388	-0.024883
2129.000000	-0.005273	0.019379	-0.024653
2139.000000	-0.005051	0.019371	-0.024422
2149.000000	-0.004828	0.019362	-0.024190
2159.000000	-0.004604	0.019353	-0.023957
2169.000000	-0.004379	0.019345	-0.023724
2179.000000	-0.004154	0.019336	-0.023490
2189.000000	-0.003927	0.019328	-0.023255
2199.000000	-0.003700	0.019319	-0.023019
2209.000000	-0.003472	0.019311	-0.022783
2219.000000	-0.003243	0.019302	-0.022546
2229.000000	-0.003014	0.019294	-0.022308
2239.000000	-0.002783	0.019286	-0.022069
2249.000000	-0.002552	0.019278	-0.021830
2259.000000	-0.002320	0.019270	-0.021589
2269.000000	-0.002087	0.019261	-0.021348
2279.000000	-0.001853	0.019253	-0.021106
2289.000000	-0.001618	0.019245	-0.020864
2299.000000	-0.001383	0.019237	-0.020620
2309.000000	-0.001147	0.019230	-0.020376
2319.000000	-0.000910	0.019222	-0.020131
2329.000000	-0.000672	0.019214	-0.019885
2339.000000	-0.000433	0.019206	-0.019639
2349.000000	-0.000193	0.019198	-0.019392
2359.000000	0.000047	0.019191	-0.019144
2369.000000	0.000288	0.019183	-0.018895
2379.000000	0.000530	0.019176	-0.018645
2389.000000	0.000773	0.019168	-0.018395
2399.000000	0.001017	0.019161	-0.018143
2409.000000	0.001262	0.019153	-0.017891
2419.000000	0.001507	0.019146	-0.017639
2429.000000	0.001753	0.019138	-0.017385
2439.000000	0.002000	0.019131	-0.017131
2449.000000	0.002248	0.019124	-0.016876
2459.000000	0.002497	0.019117	-0.016620
2469.000000	0.002747	0.019110	-0.016363
2479.000000	0.002997	0.019102	-0.016105
2489.000000	0.003248	0.019095	-0.015847
2499.000000	0.003500	0.019088	-0.015588
2509.000000	0.003753	0.019082	-0.015328
2519.000000	0.004007	0.019075	-0.015068
2529.000000	0.004262	0.019068	-0.014806
2539.000000	0.004517	0.019061	-0.014544
2549.000000	0.004773	0.019054	-0.014281
2559.000000	0.005030	0.019048	-0.014017
2569.000000	0.005288	0.019041	-0.013753
2579.000000	0.005547	0.019034	-0.013487
2589.000000	0.005807	0.019028	-0.013221
2599.000000	0.006067	0.019021	-0.012954
2609.000000	0.006328	0.019015	-0.012686
2619.000000	0.006591	0.019008	-0.012418
2629.000000	0.006854	0.019002	-0.012148
2639.000000	0.007117	0.018996	-0.011878
2649.000000	0.007382	0.018989	-0.011607
2659.000000	0.007647	0.018983	-0.011336
2669.000000	0.007914	0.018977	-0.011063
2679.000000	0.008181	0.018971	-0.010790
2689.000000	0.008449	0.018965	-0.010516
2699.000000	0.008718	0.018959	-0.010241
2709.000000	0.008987	0.018953	-0.009965
2719.000000	0.009258	0.018947	-0.009689
2729.000000	0.009529	0.018941	-0.009412
2739.000000	0.009802	0.018935	-0.009134
2749.000000	0.010075	0.018929	-0.008855
2759.000000	0.010348	0.018924	-0.008575
2769.000000	0.010623	0.018918	-0.008295
2779.000000	0.010899	0.018912	-0.008014
2789.000000	0.011175	0.018907	-0.007732
2799.000000	0.011452	0.018901	-0.007449
2809.000000	0.011730	0.018896	-0.007165
2819.000000	0.012009	0.018890	-0.006881
2829.000000	0.012289	0.018885	-0.006596
2839.000000	0.012570	0.018880	-0.006310
2849.000000	0.012851	0.018874	-0.006023
2859.000000	0.013133	0.018869	-0.005736
2869.000000	0.013416	0.018864	-0.005447
2879.000000	0.013700	0.018859	-0.005158
2889.000000	0.013985	0.018854	-0.004869
2899.000000	0.014270	0.018848	-0.004578
2909.000000	0.014557	0.018843	-0.004287
2919.000000	0.014844	0.018838	-0.003994
2929.000000	0.015132	0.018834	-0.003701
2939.000000	0.015421	0.018829	-0.003408
2949.000000	0.015711	0.018824	-0.003113
2959.000000	0.016001	0.018819	-0.002818
2969.000000	0.016293	0.018814	-0.002522
2979.000000	0.016585	0.018810	-0.002225
2989.000000	0.016878	0.018805	-0.001927
2999.000000	0.017172	0.018801	-0.001629
3009.000000	0.017466	0.018796	-0.001330
3019.000000	0.017762	0.018792	-0.001030
3029.000000	0.018058	0.018787	-0.000729
3039.000000	0.018355	0.018783	-0.000427
3049.000000	0.018653	0.018778	-0.000125
3059.000000	0.018952	0.018774	0.000178
3069.000000	0.019251	0.018770	0.000482
3079.000000	0.019552	0.018766	0.000786
3089.000000	0.019853	0.018762	0.001091
3099.000000	0.020155	0.018757	0.001398
3109.000000	0.020458	0.018753	0.001704
3119.000000	0.020761	0.018749	0.002012
3129.000000	0.021066	0.018745	0.002320
3139.000000	0.021371	0.018742	0.002629
3149.000000	0.021677	0.018738	0.002939
3159.000000	0.021984	0.018734	0.003250
3169.000000	0.022291	0.018730	0.003561
3179.000000	0.022600	0.018726	0.003873
3189.000000	0.022909	0.018723	0.004186
3199.000000	0.023219	0.018719	0.004500
3209.000000	0.023530	0.018716	0.004814
3219.000000	0.023841	0.018712	0.005129
3229.000000	0.024153	0.018709	0.005445
3239.000000	0.024466	0.018705	0.005761
3249.000000	0.024780	0.018702	0.006078
3259.000000	0.025095	0.018699	0.006396
3269.000000	0.025410	0.018695	0.006715
3279.000000	0.025726	0.018692	0.007034
3289.000000	0.026043	0.018689	0.007354
3299.000000	0.026361	0.018686	0.007675
3309.000000	0.026679	0.018683	0.007997
3319.000000	0.026998	0.018680	0.008319
3329.000000	0.027318	0.018677	0.008642
3339.000000	0.027639	0.018674	0.008965
3349.000000	0.027960	0.018671	0.009290
3359.000000	0.028283	0.018668	0.009615
3369.000000	0.028606	0.018665	0.009940
3379.000000	0.028929	0.018663	0.010267
3389.000000	0.029253	0.018660	0.010594
3399.000000	0.029578	0.018657	0.010921
3409.000000	0.029904	0.018655	0.011250
3419.000000	0.030231	0.018652	0.011579
3429.000000	0.030558	0.018650	0.011908
3439.000000	0.030886	0.018647	0.012238
3449.000000	0.031214	0.018645	0.012569
3459.000000	0.031543	0.018642	0.012901
3469.000000	0.031873	0.018640	0.013233
3479.000000	0.032204	0.018638	0.013566
3489.000000	0.032535	0.018636	0.013900
3499.000000	0.032867	0.018633	0.014234
3509.000000	0.033200	0.018631	0.014568
3519.000000	0.033533	0.018629	0.014904
3529.000000	0.033867	0.018627	0.015240
3539.000000	0.034201	0.018625	0.015576
3549.000000	0.034537	0.018623	0.015913
3559.000000	0.034872	0.018622	0.016251
3569.000000	0.035209	0.018620	0.016589
3579.000000	0.035546	0.018618	0.016928
3589.000000	0.035884	0.018616	0.017267
3599.000000	0.036222	0.018615	0.017607
3609.000000	0.036561	0.018613	0.017948
3619.000000	0.036900	0.018611	0.018289
3629.000000	0.037240	0.018610	0.018630
3639.000000	0.037581	0.018608	0.018972
3649.000000	0.037922	0.018607	0.019315
3659.000000	0.038263	0.018606	0.019658
3669.000000	0.038605	0.018604	0.020001
3679.000000	0.038948	0.018603	0.020345
3689.000000	0.039291	0.018602	0.020690
3699.000000	0.039635	0.018601	0.021035
3709.000000	0.039980	0.018599	0.021380
3719.000000	0.040324	0.018598	0.021726
3729.000000	0.040669	0.018597	0.022072
3739.000000	0.041015	0.018596	0.022419
3749.000000	0.041361	0.018595	0.022766
3759.000000	0.041708	0.018594	0.023114
3769.000000	0.042055	0.018594	0.023461
3779.000000	0.042402	0.018593	0.023810
3789.000000	0.042750	0.018592	0.024158
3799.000000	0.043099	0.018591	0.024507
3809.000000	0.043447	0.018591	0.024857
3819.000000	0.043796	0.018590	0.025206
3829.000000	0.044146	0.018589	0.025556
3839.000000	0.044495	0.018589	0.025906
3849.000000	0.044845	0.018588	0.026257
3859.000000	0.045196	0.018588	0.026608
3869.000000	0.045546	0.018588	0.026959
3879.000000	0.045897	0.018587	0.027310
3889.000000	0.046249	0.018587	0.027661
3899.000000	0.046600	0.018587	0.028013
3909.000000	0.046952	0.018587	0.028365
3919.000000	0.047304	0.018587	0.028717
3929.000000	0.047656	0.018586	0.029069
3939.000000	0.048008	0.018586	0.029422
3949.000000	0.048361	0.018586	0.029774
3959.000000	0.048713	0.018587	0.030127
3969.000000	0.049066	0.018587	0.030480
3979.000000	0.049419	0.018587	0.030832
3989.000000	0.049772	0.018587	0.031185
3999.000000	0.050125	0.018587	0.031538
4009.000000	0.050478	0.018588	0.031891
4019.000000	0.050831	0.018588	0.032244
4029.000000	0.051185	0.018588	0.032596
4039.000000	0.051538	0.018589	0.032949
4049.000000	0.051891	0.018589	0.033302
4059.000000	0.052244	0.018590	0.033654
4069.000000	0.052597	0.018590	0.034007
4079.000000	0.052950	0.018591	0.034359
4089.000000	0.053303	0.018592	0.034711
4099.000000	0.053655	0.018593	0.035063
4109.000000	0.054008	0.018593	0.035414
4119.000000	0.054360	0.018594	0.035766
4129.000000	0.054712	0.018595	0.036117
4139.000000	0.055064	0.018596	0.036468
4149.000000	0.055415	0.018597	0.036818
4159.000000	0.055766	0.018598	0.037168
4169.000000	0.056117	0.018599	0.037518
4179.000000	0.056468	0.018600	0.037867
4189.000000	0.056818	0.018601	0.038216
4199.000000	0.057167	0.018603	0.038565
4209.000000	0.057517	0.018604	0.038913
4219.000000	0.057865	0.018605	0.039260
4229.000000	0.058213	0.018607	0.039607
4239.000000	0.058561	0.018608	0.039953
4249.000000	0.058908	0.018609	0.040298
4259.000000	0.059254	0.018611	0.040643
4269.000000	0.059600	0.018613	0.040987
4279.000000	0.059945	0.018614	0.041331
4289.000000	0.060289	0.018616	0.041673
4299.000000	0.060633	0.018618	0.042015
4309.000000	0.060975	0.018619	0.042356
4319.000000	0.061317	0.018621	0.042696
4329.000000	0.061658	0.018623	0.043035
4339.000000	0.061998	0.018625	0.043373
4349.000000	0.062337	0.018627	0.043711
4359.000000	0.062675	0.018629	0.044047
4369.000000	0.063012	0.018631	0.044382
4379.000000	0.063348	0.018633	0.044715
4389.000000	0.063683	0.018635	0.045048
4399.000000	0.064017	0.018637	0.045379
4409.000000	0.064349	0.018640	0.045710
4419.000000	0.064680	0.018642	0.046038
4429.000000	0.065010	0.018644	0.046366
4439.000000	0.065338	0.018647	0.046692
4449.000000	0.065665	0.018649	0.047016
4459.000000	0.065991	0.018651	0.047340
4469.000000	0.066315	0.018654	0.047661
4479.000000	0.066637	0.018657	0.047981
4489.000000	0.066958	0.018659	0.048299
4499.000000	0.067278	0.018662	0.048616
4509.000000	0.067595	0.018665	0.048930
4519.000000	0.067911	0.018667	0.049243
4529.000000	0.068225	0.018670	0.049554
4539.000000	0.068537	0.018673	0.049864
4549.000000	0.068847	0.018676	0.050171
4559.000000	0.069155	0.018679	0.050476
4569.000000	0.069461	0.018682	0.050779
4579.000000	0.069765	0.018685	0.051080
4589.000000	0.070067	0.018688	0.051378
4599.000000	0.070366	0.018691	0.051675
4609.000000	0.070664	0.018695	0.051969
4619.000000	0.070959	0.018698	0.052261
4629.000000	0.071251	0.018701	0.052550
4639.000000	0.071541	0.018704	0.052837
4649.000000	0.071829	0.018708	0.053121
4659.000000	0.072114	0.018711	0.053403
4669.000000	0.072396	0.018715	0.053682
4679.000000	0.072676	0.018718	0.053958
4689.000000	0.072953	0.018722	0.054231
4699.000000	0.073227	0.018726	0.054502
4709.000000	0.073499	0.018729	0.054769
4719.000000	0.073767	0.018733	0.055034
4729.000000	0.074032	0.018737	0.055295
4739.000000	0.074294	0.018741	0.055554
4749.000000	0.074554	0.018745	0.055809
4759.000000	0.074810	0.018748	0.056061
4769.000000	0.075062	0.018752	0.056310
4779.000000	0.075311	0.018756	0.056555
4789.000000	0.075557	0.018761	0.056797
4799.000000	0.075800	0.018765	0.057035
4809.000000	0.076039	0.018769	0.057270
4819.000000	0.076274	0.018773	0.057501
4829.000000	0.076506	0.018777	0.057729
4839.000000	0.076734	0.018782	0.057953
4849.000000	0.076959	0.018786	0.058173
4859.000000	0.077179	0.018790	0.058389
4869.000000	0.077396	0.018795	0.058601
4879.000000	0.077609	0.018799	0.058809
4889.000000	0.077817	0.018804	0.059013
4899.000000	0.078022	0.018809	0.059213
4909.000000	0.078222	0.018813	0.059409
4919.000000	0.078419	0.018818	0.059601
4929.000000	0.078611	0.018823	0.059788
4939.000000	0.078799	0.018828	0.059971
4949.000000	0.078982	0.018832	0.060150
4959.000000	0.079161	0.018837	0.060324
4969.000000	0.079336	0.018842	0.060494
4979.000000	0.079506	0.018847	0.060659
4989.000000	0.079672	0.018852	0.060820
4999.000000	0.079833	0.018857	0.060976
5009.000000	0.079990	0.018863	0.061127
5019.000000	0.080141	0.018868	0.061274
5029.000000	0.080289	0.018873	0.061416
5039.000000	0.080431	0.018878	0.061553
5049.000000	0.080568	0.018884	0.061685
5059.000000	0.080701	0.018889	0.061812
5069.000000	0.080829	0.018894	0.061934
5079.000000	0.080952	0.018900	0.062052
5089.000000	0.081070	0.018905	0.062164
5099.000000	0.081183	0.018911	0.062272
5109.000000	0.081291	0.018917	0.062374
5119.000000	0.081394	0.018922	0.062471
5129.000000	0.081492	0.018928	0.062564
5139.000000	0.081585	0.018934	0.062651
5149.000000	0.081672	0.018940	0.062733
5159.000000	0.081755	0.018945	0.062810
5169.000000	0.081832	0.018951	0.062881
5179.000000	0.081905	0.018957	0.062948
5189.000000	0.081972	0.018963	0.063009
5199.000000	0.082034	0.018969	0.063065
5209.000000	0.082091	0.018976	0.063116
5219.000000	0.082143	0.018982	0.063161
5229.000000	0.082189	0.018988	0.063201
5239.000000	0.082231	0.018994	0.063237
5249.000000	0.082267	0.019000	0.063266
5259.000000	0.082298	0.019007	0.063291
5269.000000	0.082324	0.019013	0.063310
5279.000000	0.082344	0.019020	0.063325
5289.000000	0.082360	0.019026	0.063334
5299.000000	0.082370	0.019033	0.063337
5309.000000	0.082375	0.019039	0.063336
5319.000000	0.082375	0.019046	0.063330
5329.000000	0.082370	0.019053	0.063318
5339.000000	0.082360	0.019059	0.063301
5349.000000	0.082345	0.019066	0.063279
5359.000000	0.082325	0.019073	0.063252
5369.000000	0.082300	0.019080	0.063220
5379.000000	0.082270	0.019087	0.063183
5389.000000	0.082235	0.019094	0.063141
5399.000000	0.082195	0.019101	0.063094
5409.000000	0.082150	0.019108	0.063042
5419.000000	0.082100	0.019115	0.062985
5429.000000	0.082045	0.019122	0.062923
5439.000000	0.081986	0.019129	0.062857
5449.000000	0.081922	0.019137	0.062785
5459.000000	0.081853	0.019144	0.062709
5469.000000	0.081780	0.019151	0.062628
5479.000000	0.081701	0.019159	0.062543
5489.000000	0.081619	0.019166	0.062453
5499.000000	0.081532	0.019174	0.062358
5509.000000	0.081440	0.019181	0.062259
5519.000000	0.081344	0.019189	0.062155
5529.000000	0.081243	0.019197	0.062047
5539.000000	0.081138	0.019204	0.061934
5549.000000	0.081029	0.019212	0.061817
5559.000000	0.080916	0.019220	0.061696
5569.000000	0.080798	0.019228	0.061571
5579.000000	0.080677	0.019236	0.061441
5589.000000	0.080551	0.019243	0.061307
5599.000000	0.080421	0.019251	0.061169
5609.000000	0.080287	0.019260	0.061028
5619.000000	0.080149	0.019268	0.060882
5629.000000	0.080008	0.019276	0.060732
5639.000000	0.079862	0.019284	0.060578
5649.000000	0.079713	0.019292	0.060421
5659.000000	0.079560	0.019300	0.060260
5669.000000	0.079404	0.019309	0.060095
5679.000000	0.079244	0.019317	0.059927
5689.000000	0.079080	0.019326	0.059755
5699.000000	0.078913	0.019334	0.059579
5709.000000	0.078743	0.019343	0.059400
5719.000000	0.078569	0.019351	0.059218
5729.000000	0.078392	0.019360	0.059032
5739.000000	0.078211	0.019368	0.058843
5749.000000	0.078027	0.019377	0.058650
5759.000000	0.077841	0.019386	0.058455
5769.000000	0.077651	0.019395	0.058256
5779.000000	0.077458	0.019404	0.058054
5789.000000	0.077262	0.019413	0.057850
5799.000000	0.077063	0.019421	0.057642
5809.000000	0.076862	0.019430	0.057431
5819.000000	0.076657	0.019440	0.057218
5829.000000	0.076450	0.019449	0.057002
5839.000000	0.076240	0.019458	0.056783
5849.000000	0.076028	0.019467	0.056561
5859.000000	0.075813	0.019476	0.056336
5869.000000	0.075595	0.019486	0.056110
5879.000000	0.075375	0.019495	0.055880
5889.000000	0.075152	0.019504	0.055648
5899.000000	0.074928	0.019514	0.055414
5909.000000	0.074700	0.019523	0.055177
5919.000000	0.074471	0.019533	0.054938
5929.000000	0.074239	0.019542	0.054697
5939.000000	0.074005	0.019552	0.054453
5949.000000	0.073769	0.019562	0.054207
5959.000000	0.073531	0.019571	0.053959
5969.000000	0.073290	0.019581	0.053709
5979.000000	0.073048	0.019591	0.053457
5989.000000	0.072804	0.019601	0.053203
5999.000000	0.072558	0.019611	0.052947
6009.000000	0.072310	0.019621	0.052689
6019.000000	0.072060	0.019631	0.052430
6029.000000	0.071809	0.019641	0.052168
6039.000000	0.071556	0.019651	0.051905
6049.000000	0.071301	0.019661	0.051640
6059.000000	0.071044	0.019671	0.051373
6069.000000	0.070786	0.019682	0.051104
6079.000000	0.070526	0.019692	0.050834
6089.000000	0.070265	0.019702	0.050563
6099.000000	0.070003	0.019713	0.050290
6109.000000	0.069739	0.019723	0.050015
6119.000000	0.069473	0.019734	0.049739
6129.000000	0.069206	0.019744	0.049462
6139.000000	0.068938	0.019755	0.049183
6149.000000	0.068669	0.019766	0.048903
6159.000000	0.068398	0.019776	0.048622
6169.000000	0.068126	0.019787	0.048339
6179.000000	0.067853	0.019798	0.048055
6189.000000	0.067579	0.019809	0.047770
6199.000000	0.067303	0.019820	0.047484
6209.000000	0.067027	0.019831	0.047196
6219.000000	0.066749	0.019841	0.046908
6229.000000	0.066471	0.019853	0.046619
6239.000000	0.066192	0.019864	0.046328
6249.000000	0.065911	0.019875	0.046037
6259.000000	0.065630	0.019886	0.045744
6269.000000	0.065348	0.019897	0.045451
6279.000000	0.065065	0.019908	0.045156
6289.000000	0.064781	0.019920	0.044861
6299.000000	0.064496	0.019931	0.044565
6309.000000	0.064211	0.019943	0.044268
6319.000000	0.063925	0.019954	0.043971
6329.000000	0.063638	0.019966	0.043672
6339.000000	0.063350	0.019977	0.043373
6349.000000	0.063062	0.019989	0.043073
6359.000000	0.062773	0.020000	0.042773
6369.000000	0.062484	0.020012	0.042472
6379.000000	0.062194	0.020024	0.042170
6389.000000	0.061903	0.020036	0.041867
6399.000000	0.061612	0.020048	0.041564
6409.000000	0.061320	0.020060	0.041261
6419.000000	0.061028	0.020071	0.040957
6429.000000	0.060735	0.020083	0.040652
6439.000000	0.060442	0.020096	0.040347
6449.000000	0.060149	0.020108	0.040041
6459.000000	0.059855	0.020120	0.039735
6469.000000	0.059561	0.020132	0.039429
6479.000000	0.059266	0.020144	0.039122
6489.000000	0.058971	0.020157	0.038815
6499.000000	0.058676	0.020169	0.038507
6509.000000	0.058380	0.020181	0.038199
6519.000000	0.058085	0.020194	0.037891
6529.000000	0.057788	0.020206	0.037582
6539.000000	0.057492	0.020219	0.037273
6549.000000	0.057196	0.020231	0.036964
6559.000000	0.056899	0.020244	0.036655
6569.000000	0.056602	0.020257	0.036345
6579.000000	0.056305	0.020269	0.036035
6589.000000	0.056007	0.020282	0.035725
6599.000000	0.055710	0.020295	0.035415
6609.000000	0.055412	0.020308	0.035104
6619.000000	0.055114	0.020321	0.034794
6629.000000	0.054817	0.020334	0.034483
6639.000000	0.054519	0.020347	0.034172
6649.000000	0.054221	0.020360	0.033861
6659.000000	0.053923	0.020373	0.033550
6669.000000	0.053625	0.020386	0.033239
6679.000000	0.053327	0.020399	0.032928
6689.000000	0.053029	0.020413	0.032616
6699.000000	0.052731	0.020426	0.032305
6709.000000	0.052433	0.020439	0.031994
6719.000000	0.052135	0.020453	0.031682
6729.000000	0.051837	0.020466	0.031371
6739.000000	0.051539	0.020480	0.031059
6749.000000	0.051241	0.020493	0.030748
6759.000000	0.050944	0.020507	0.030437
6769.000000	0.050646	0.020520	0.030126
6779.000000	0.050349	0.020534	0.029814
6789.000000	0.050051	0.020548	0.029503
6799.000000	0.049754	0.020562	0.029192
6809.000000	0.049457	0.020576	0.028881
6819.000000	0.049160	0.020589	0.028570
6829.000000	0.048863	0.020603	0.028260
6839.000000	0.048566	0.020617	0.027949
6849.000000	0.048270	0.020631	0.027639
6859.000000	0.047974	0.020645	0.027328
6869.000000	0.047678	0.020660	0.027018
6879.000000	0.047382	0.020674	0.026708
6889.000000	0.047086	0.020688	0.026398
6899.000000	0.046791	0.020702	0.026088
6909.000000	0.046496	0.020717	0.025779
6919.000000	0.046201	0.020731	0.025470
6929.000000	0.045906	0.020745	0.025161
6939.000000	0.045612	0.020760	0.024852
6949.000000	0.045317	0.020774	0.024543
6959.000000	0.045024	0.020789	0.024235
6969.000000	0.044730	0.020804	0.023926
6979.000000	0.044437	0.020818	0.023619
6989.000000	0.044144	0.020833	0.023311
6999.000000	0.043851	0.020848	0.023003
7009.000000	0.043559	0.020863	0.022696
7019.000000	0.043267	0.020877	0.022389
7029.000000	0.042975	0.020892	0.022083
7039.000000	0.042684	0.020907	0.021777
7049.000000	0.042393	0.020922	0.021471
7059.000000	0.042102	0.020937	0.021165
7069.000000	0.041812	0.020952	0.020859
7079.000000	0.041522	0.020968	0.020554
7089.000000	0.041232	0.020983	0.020250
7099.000000	0.040943	0.020998	0.019945
7109.000000	0.040654	0.021013	0.019641
7119.000000	0.040366	0.021029	0.019337
7129.000000	0.040078	0.021044	0.019034
7139.000000	0.039790	0.021059	0.018731
7149.000000	0.039503	0.021075	0.018428
7159.000000	0.039216	0.021090	0.018126
7169.000000	0.038930	0.021106	0.017824
7179.000000	0.038644	0.021122	0.017522
7189.000000	0.038359	0.021137	0.017221
7199.000000	0.038074	0.021153	0.016920
7209.000000	0.037789	0.021169	0.016620
7219.000000	0.037505	0.021185	0.016320
7229.000000	0.037221	0.021201	0.016020
7239.000000	0.036938	0.021216	0.015721
7249.000000	0.036655	0.021232	0.015422
7259.000000	0.036372	0.021248	0.015124
7269.000000	0.036090	0.021265	0.014826
7279.000000	0.035809	0.021281	0.014528
7289.000000	0.035528	0.021297	0.014231
7299.000000	0.035247	0.021313	0.013934
7309.000000	0.034967	0.021329	0.013638
7319.000000	0.034688	0.021346	0.013342
7329.000000	0.034409	0.021362	0.013047
7339.000000	0.034130	0.021378	0.012752
7349.000000	0.033852	0.021395	0.012457
7359.000000	0.033575	0.021411	0.012163
7369.000000	0.033297	0.021428	0.011870
7379.000000	0.033021	0.021444	0.011576
7389.000000	0.032745	0.021461	0.011284
7399.000000	0.032469	0.021478	0.010992
7409.000000	0.032194	0.021495	0.010700
7419.000000	0.031920	0.021511	0.010408
7429.000000	0.031646	0.021528	0.010118
7439.000000	0.031372	0.021545	0.009827
7449.000000	0.031099	0.021562	0.009537
7459.000000	0.030827	0.021579	0.009248
7469.000000	0.030555	0.021596	0.008959
7479.000000	0.030284	0.021613	0.008671
7489.000000	0.030013	0.021630	0.008383
7499.000000	0.029743	0.021647	0.008095
7509.000000	0.029473	0.021665	0.007809
7519.000000	0.029204	0.021682	0.007522
7529.000000	0.028935	0.021699	0.007236
7539.000000	0.028667	0.021717	0.006951
7549.000000	0.028400	0.021734	0.006666
7559.000000	0.028133	0.021752	0.006381
7569.000000	0.027867	0.021769	0.006098
7579.000000	0.027601	0.021787	0.005814
7589.000000	0.027336	0.021804	0.005531
7599.000000	0.027071	0.021822	0.005249
7609.000000	0.026807	0.021840	0.004967
7619.000000	0.026543	0.021857	0.004686
7629.000000	0.026280	0.021875	0.004405
7639.000000	0.026018	0.021893	0.004125
7649.000000	0.025756	0.021911	0.003845
7659.000000	0.025495	0.021929	0.003566
7669.000000	0.025234	0.021947	0.003287
7679.000000	0.024974	0.021965	0.003009
7689.000000	0.024715	0.021983	0.002732
7699.000000	0.024456	0.022001	0.002455
7709.000000	0.024197	0.022019	0.002178
7719.000000	0.023940	0.022038	0.001902
7729.000000	0.023683	0.022056	0.001627
7739.000000	0.023426	0.022074	0.001352
7749.000000	0.023170	0.022093	0.001077
7759.000000	0.022915	0.022111	0.000804
7769.000000	0.022660	0.022130	0.000531
7779.000000	0.022406	0.022148	0.000258
7789.000000	0.022152	0.022167	-0.000014
7799.000000	0.021899	0.022185	-0.000286
7809.000000	0.021647	0.022204	-0.000557
7819.000000	0.021395	0.022223	-0.000827
7829.000000	0.021144	0.022241	-0.001097
7839.000000	0.020894	0.022260	-0.001367
7849.000000	0.020644	0.022279	-0.001635
7859.000000	0.020394	0.022298	-0.001904
7869.000000	0.020146	0.022317	-0.002171
7879.000000	0.019898	0.022336	-0.002438
7889.000000	0.019650	0.022355	-0.002705
7899.000000	0.019403	0.022374	-0.002971
7909.000000	0.019157	0.022393	-0.003236
7919.000000	0.018911	0.022413	-0.003501
7929.000000	0.018666	0.022432	-0.003766
7939.000000	0.018422	0.022451	-0.004029
7949.000000	0.018178	0.022470	-0.004292
7959.000000	0.017935	0.022490	-0.004555
7969.000000	0.017692	0.022509	-0.004817
7979.000000	0.017450	0.022529	-0.005078
7989.000000	0.017209	0.022548	-0.005339
7999.000000	0.016969	0.022568	-0.005599
8009.000000	0.016728	0.022588	-0.005859
8019.000000	0.016489	0.022607	-0.006118
8029.000000	0.016250	0.022627	-0.006377
8039.000000	0.016012	0.022647	-0.006635
8049.000000	0.015775	0.022667	-0.006892
8059.000000	0.015538	0.022687	-0.007149
8069.000000	0.015301	0.022706	-0.007405
8079.000000	0.015066	0.022726	-0.007661
8089.000000	0.014831	0.022747	-0.007916
8099.000000	0.014596	0.022767	-0.008170
8109.000000	0.014363	0.022787	-0.008424
8119.000000	0.014129	0.022807	-0.008678
8129.000000	0.013897	0.022827	-0.008930
8139.000000	0.013665	0.022847	-0.009182
8149.000000	0.013434	0.022868	-0.009434
8159.000000	0.013203	0.022888	-0.009685
8169.000000	0.012973	0.022908	-0.009935
8179.000000	0.012744	0.022929	-0.010185
8189.000000	0.012515	0.022949	-0.010434
8199.000000	0.012287	0.022970	-0.010683
8209.000000	0.012060	0.022991	-0.010931
8219.000000	0.011833	0.023011	-0.011178
8229.000000	0.011607	0.023032	-0.011425
8239.000000	0.011381	0.023053	-0.011672
8249.000000	0.011156	0.023074	-0.011917
8259.000000	0.010932	0.023094	-0.012162
8269.000000	0.010709	0.023115	-0.012407
8279.000000	0.010486	0.023136	-0.012651
8289.000000	0.010263	0.023157	-0.012894
8299.000000	0.010042	0.023178	-0.013137
8309.000000	0.009821	0.023199	-0.013379
8319.000000	0.009600	0.023221	-0.013620
8329.000000	0.009381	0.023242	-0.013861
8339.000000	0.009161	0.023263	-0.014102
8349.000000	0.008943	0.023284	-0.014341
8359.000000	0.008725	0.023306	-0.014580
8369.000000	0.008508	0.023327	-0.014819
8379.000000	0.008291	0.023348	-0.015057
8389.000000	0.008076	0.023370	-0.015294
8399.000000	0.007860	0.023391	-0.015531
8409.000000	0.007646	0.023413	-0.015767
8419.000000	0.007432	0.023435	-0.016003
8429.000000	0.007218	0.023456	-0.016238
8439.000000	0.007006	0.023478	-0.016472
8449.000000	0.006794	0.023500	-0.016706
8459.000000	0.006582	0.023522	-0.016939
8469.000000	0.006372	0.023543	-0.017172
8479.000000	0.006162	0.023565	-0.017404
8489.000000	0.005952	0.023587	-0.017635
8499.000000	0.005743	0.023609	-0.017866
8509.000000	0.005535	0.023631	-0.018096
8519.000000	0.005328	0.023654	-0.018326
8529.000000	0.005121	0.023676	-0.018555
8539.000000	0.004915	0.023698	-0.018783
8549.000000	0.004709	0.023720	-0.019011
8559.000000	0.004504	0.023742	-0.019238
8569.000000	0.004300	0.023765	-0.019465
8579.000000	0.004096	0.023787	-0.019691
8589.000000	0.003893	0.023810	-0.019916
8599.000000	0.003691	0.023832	-0.020141
8609.000000	0.003489	0.023855	-0.020366
8619.000000	0.003288	0.023877	-0.020589
8629.000000	0.003088	0.023900	-0.020812
8639.000000	0.002888	0.023923	-0.021035
8649.000000	0.002689	0.023945	-0.021257
8659.000000	0.002490	0.023968	-0.021478
8669.000000	0.002293	0.023991	-0.021698
8679.000000	0.002095	0.024014	-0.021918
8689.000000	0.001899	0.024037	-0.022138
8699.000000	0.001703	0.024060	-0.022357
8709.000000	0.001508	0.024083	-0.022575
8719.000000	0.001313	0.024106	-0.022793
8729.000000	0.001119	0.024129	-0.023010
8739.000000	0.000926	0.024152	-0.023226
8749.000000	0.000733	0.024175	-0.023442
8759.000000	0.000541	0.024199	-0.023657
8769.000000	0.000350	0.024222	-0.023872
8779.000000	0.000159	0.024245	-0.024086
8789.000000	-0.000031	0.024269	-0.024299
8799.000000	-0.000220	0.024292	-0.024512
8809.000000	-0.000409	0.024316	-0.024725
8819.000000	-0.000597	0.024339	-0.024936
8829.000000	-0.000784	0.024363	-0.025147
8839.000000	-0.000971	0.024387	-0.025358
8849.000000	-0.001157	0.024410	-0.025568
8859.000000	-0.001343	0.024434	-0.025777
8869.000000	-0.001528	0.024458	-0.025986
8879.000000	-0.001712	0.024482	-0.026194
8889.000000	-0.001896	0.024506	-0.026401
8899.000000	-0.002078	0.024529	-0.026608
8909.000000	-0.002261	0.024553	-0.026814
8919.000000	-0.002442	0.024578	-0.027020
8929.000000	-0.002623	0.024602	-0.027225
8939.000000	-0.002804	0.024626	-0.027430
8949.000000	-0.002983	0.024650	-0.027633
8959.000000	-0.003163	0.024674	-0.027837
8969.000000	-0.003341	0.024698	-0.028039
8979.000000	-0.003519	0.024723	-0.028242
8989.000000	-0.003696	0.024747	-0.028443
8999.000000	-0.003872	0.024772	-0.028644
9009.000000	-0.004048	0.024796	-0.028844
9019.000000	-0.004223	0.024821	-0.029044
9029.000000	-0.004398	0.024845	-0.029243
9039.000000	-0.004572	0.024870	-0.029442
9049.000000	-0.004745	0.024894	-0.029640
9059.000000	-0.004918	0.024919	-0.029837
9069.000000	-0.005090	0.024944	-0.030034
9079.000000	-0.005261	0.024969	-0.030230
9089.000000	-0.005432	0.024994	-0.030425
9099.000000	-0.005602	0.025019	-0.030620
9109.000000	-0.005771	0.025044	-0.030815
9119.000000	-0.005940	0.025069	-0.031008
9129.000000	-0.006108	0.025094	-0.031202
9139.000000	-0.006275	0.025119	-0.031394
9149.000000	-0.006442	0.025144	-0.031586
9159.000000	-0.006608	0.025169	-0.031777
9169.000000	-0.006774	0.025194	-0.031968
9179.000000	-0.006939	0.025220	-0.032158
9189.000000	-0.007103	0.025245	-0.032348
9199.000000	-0.007267	0.025270	-0.032537
9209.000000	-0.007430	0.025296	-0.032725
9219.000000	-0.007592	0.025321	-0.032913
9229.000000	-0.007754	0.025347	-0.033100
9239.000000	-0.007915	0.025372	-0.033287
9249.000000	-0.008075	0.025398	-0.033473
9259.000000	-0.008235	0.025424	-0.033659
9269.000000	-0.008394	0.025449	-0.033843
9279.000000	-0.008552	0.025475	-0.034028
9289.000000	-0.008710	0.025501	-0.034211
9299.000000	-0.008867	0.025527	-0.034394
9309.000000	-0.009024	0.025553	-0.034577
9319.000000	-0.009180	0.025579	-0.034759
9329.000000	-0.009335	0.025605	-0.034940
9339.000000	-0.009490	0.025631	-0.035121
9349.000000	-0.009644	0.025657	-0.035301
9359.000000	-0.009797	0.025683	-0.035480
9369.000000	-0.009950	0.025709	-0.035659
9379.000000	-0.010102	0.025736	-0.035838
9389.000000	-0.010253	0.025762	-0.036015
9399.000000	-0.010404	0.025788	-0.036192
9409.000000	-0.010554	0.025815	-0.036369
9419.000000	-0.010704	0.025841	-0.036545
9429.000000	-0.010853	0.025868	-0.036720
9439.000000	-0.011001	0.025894	-0.036895
9449.000000	-0.011149	0.025921	-0.037069
9459.000000	-0.011295	0.025948	-0.037243
9469.000000	-0.011442	0.025974	-0.037416
9479.000000	-0.011587	0.026001	-0.037589
9489.000000	-0.011733	0.026028	-0.037760
9499.000000	-0.011877	0.026055	-0.037932
9509.000000	-0.012021	0.026082	-0.038102
9519.000000	-0.012164	0.026109	-0.038272
9529.000000	-0.012306	0.026136	-0.038442
9539.000000	-0.012448	0.026163	-0.038611
9549.000000	-0.012589	0.026190	-0.038779
9559.000000	-0.012730	0.026217	-0.038947
9569.000000	-0.012870	0.026244	-0.039114
9579.000000	-0.013009	0.026271	-0.039280
9589.000000	-0.013148	0.026298	-0.039446
9599.000000	-0.013286	0.026326	-0.039612
9609.000000	-0.013423	0.026353	-0.039777
9619.000000	-0.013560	0.026381	-0.039941
9629.000000	-0.013696	0.026408	-0.040104
9639.000000	-0.013832	0.026436	-0.040267
9649.000000	-0.013967	0.026463	-0.040430
9659.000000	-0.014101	0.026491	-0.040592
9669.000000	-0.014235	0.026518	-0.040753
9679.000000	-0.014368	0.026546	-0.040914
9689.000000	-0.014500	0.026574	-0.041074
9699.000000	-0.014632	0.026602	-0.041233
9709.000000	-0.014763	0.026630	-0.041392
9719.000000	-0.014893	0.026658	-0.041551
9729.000000	-0.015023	0.026685	-0.041708
9739.000000	-0.015152	0.026713	-0.041866
9749.000000	-0.015281	0.026742	-0.042022
9759.000000	-0.015409	0.026770	-0.042178
9769.000000	-0.015536	0.026798	-0.042334
9779.000000	-0.015662	0.026826	-0.042488
9789.000000	-0.015788	0.026854	-0.042643
9799.000000	-0.015914	0.026883	-0.042796
9809.000000	-0.016039	0.026911	-0.042949
9819.000000	-0.016163	0.026939	-0.043102
9829.000000	-0.016286	0.026968	-0.043254
9839.000000	-0.016409	0.026996	-0.043405
9849.000000	-0.016531	0.027025	-0.043556
9859.000000	-0.016653	0.027053	-0.043706
9869.000000	-0.016774	0.027082	-0.043856
9879.000000	-0.016894	0.027111	-0.044005
9889.000000	-0.017014	0.027139	-0.044153
9899.000000	-0.017133	0.027168	-0.044301
9909.000000	-0.017251	0.027197	-0.044448
9919.000000	-0.017369	0.027226	-0.044595
9929.000000	-0.017486	0.027255	-0.044741
9939.000000	-0.017603	0.027284	-0.044887
9949.000000	-0.017719	0.027313	-0.045032
9959.000000	-0.017834	0.027342	-0.045176
9969.000000	-0.017949	0.027371	-0.045320
9979.000000	-0.018063	0.027400	-0.045463
9989.000000	-0.018176	0.027429	-0.045606
9999.000000	-0.018289	0.027459	-0.045748
10009.000000	-0.018401	0.027488	-0.045889
10019.000000	-0.018513	0.027517	-0.046030
10029.000000	-0.018624	0.027547	-0.046170
10039.000000	-0.018734	0.027576	-0.046310
10049.000000	-0.018844	0.027606	-0.046449
10059.000000	-0.018953	0.027635	-0.046588
10069.000000	-0.019061	0.027665	-0.046726
10079.000000	-0.019169	0.027694	-0.046863
10089.000000	-0.019276	0.027724	-0.047000
10099.000000	-0.019382	0.027754	-0.047136
10109.000000	-0.019488	0.027784	-0.047272
10119.000000	-0.019594	0.027814	-0.047407
10129.000000	-0.019698	0.027843	-0.047542
10139.000000	-0.019802	0.027873	-0.047676
10149.000000	-0.019906	0.027903	-0.047809
10159.000000	-0.020008	0.027933	-0.047942
10169.000000	-0.020110	0.027963	-0.048074
10179.000000	-0.020212	0.027994	-0.048206
10189.000000	-0.020313	0.028024	-0.048337
10199.000000	-0.020413	0.028054	-0.048467
10209.000000	-0.020513	0.028084	-0.048597
10219.000000	-0.020612	0.028115	-0.048726
10229.000000	-0.020710	0.028145	-0.048855
10239.000000	-0.020808	0.028175	-0.048983
10249.000000	-0.020905	0.028206	-0.049111
10259.000000	-0.021002	0.028236	-0.049238
10269.000000	-0.021097	0.028267	-0.049364
10279.000000	-0.021193	0.028298	-0.049490
10289.000000	-0.021287	0.028328	-0.049616
10299.000000	-0.021381	0.028359	-0.049740
10309.000000	-0.021475	0.028390	-0.049864
10319.000000	-0.021567	0.028421	-0.049988
10329.000000	-0.021660	0.028451	-0.050111
10339.000000	-0.021751	0.028482	-0.050233
10349.000000	-0.021842	0.028513	-0.050355
10359.000000	-0.021932	0.028544	-0.050477
10369.000000	-0.022022	0.028575	-0.050597
10379.000000	-0.022111	0.028606	-0.050717
10389.000000	-0.022199	0.028638	-0.050837
10399.000000	-0.022287	0.028669	-0.050956
10409.000000	-0.022374	0.028700	-0.051074
10419.000000	-0.022461	0.028731	-0.051192
10429.000000	-0.022547	0.028763	-0.051309
10439.000000	-0.022632	0.028794	-0.051426
10449.000000	-0.022717	0.028825	-0.051542
10459.000000	-0.022801	0.028857	-0.051658
10469.000000	-0.022884	0.028888	-0.051773
10479.000000	-0.022967	0.028920	-0.051887
10489.000000	-0.023049	0.028952	-0.052001
10499.000000	-0.023131	0.028983	-0.052114
10509.000000	-0.023212	0.029015	-0.052227
10519.000000	-0.023292	0.029047	-0.052339
10529.000000	-0.023372	0.029079	-0.052451
10539.000000	-0.023451	0.029111	-0.052562
10549.000000	-0.023529	0.029143	-0.052672
10559.000000	-0.023607	0.029174	-0.052782
10569.000000	-0.023685	0.029206	-0.052891
10579.000000	-0.023761	0.029239	-0.053000
10589.000000	-0.023837	0.029271	-0.053108
10599.000000	-0.023913	0.029303	-0.053215
10609.000000	-0.023987	0.029335	-0.053322
10619.000000	-0.024061	0.029367	-0.053429
10629.000000	-0.024135	0.029400	-0.053535
10639.000000	-0.024208	0.029432	-0.053640
10649.000000	-0.024280	0.029464	-0.053745
10659.000000	-0.024352	0.029497	-0.053849
10669.000000	-0.024423	0.029529	-0.053952
10679.000000	-0.024493	0.029562	-0.054055
10689.000000	-0.024563	0.029594	-0.054158
10699.000000	-0.024632	0.029627	-0.054259
10709.000000	-0.024701	0.029660	-0.054361
10719.000000	-0.024769	0.029693	-0.054461
10729.000000	-0.024836	0.029725	-0.054562
10739.000000	-0.024903	0.029758	-0.054661
10749.000000	-0.024969	0.029791	-0.054760
10759.000000	-0.025034	0.029824	-0.054858
10769.000000	-0.025099	0.029857	-0.054956
10779.000000	-0.025164	0.029890	-0.055054
10789.000000	-0.025227	0.029923	-0.055150
10799.000000	-0.025290	0.029956	-0.055246
10809.000000	-0.025353	0.029989	-0.055342
10819.000000	-0.025414	0.030023	-0.055437
10829.000000	-0.025476	0.030056	-0.055531
10839.000000	-0.025536	0.030089	-0.055625
10849.000000	-0.025596	0.030123	-0.055719
10859.000000	-0.025655	0.030156	-0.055811
10869.000000	-0.025714	0.030190	-0.055903
10879.000000	-0.025772	0.030223	-0.055995
10889.000000	-0.025830	0.030257	-0.056086
10899.000000	-0.025886	0.030290	-0.056177
10909.000000	-0.025943	0.030324	-0.056266
10919.000000	-0.025998	0.030358	-0.056356
10929.000000	-0.026053	0.030391	-0.056445
10939.000000	-0.026108	0.030425	-0.056533
10949.000000	-0.026161	0.030459	-0.056620
10959.000000	-0.026214	0.030493	-0.056707
10969.000000	-0.026267	0.030527	-0.056794
10979.000000	-0.026319	0.030561	-0.056880
10989.000000	-0.026370	0.030595	-0.056965
10999.000000	-0.026421	0.030629	-0.057050
11009.000000	-0.026471	0.030663	-0.057134
11019.000000	-0.026520	0.030697	-0.057218
11029.000000	-0.026569	0.030732	-0.057301
11039.000000	-0.026617	0.030766	-0.057383
11049.000000	-0.026665	0.030800	-0.057465
11059.000000	-0.026712	0.030835	-0.057547
11069.000000	-0.026758	0.030869	-0.057627
11079.000000	-0.026804	0.030904	-0.057708
11089.000000	-0.026849	0.030938	-0.057787
11099.000000	-0.026894	0.030973	-0.057866
11109.000000	-0.026938	0.031007	-0.057945
