2434989.438182	1.774743	2.416907e+00	24645.002556	0.063338	0.502422	2419542.149245	82.865960	0.228791
2434989.459999	1.774742	2.030192e+00	25623.721863	0.064735	0.570944	2444147.631198	78.722233	0.237386
2434989.439326	1.774741	9.390297e-01	25852.906656	0.066296	0.532266	2417706.994718	67.352179	0.238553
2434989.456578	1.774742	2.344515e+00	26072.286514	0.066509	0.579769	2444231.042008	77.952938	0.239996
2434989.447264	1.774742	6.780151e-01	24846.286036	0.064617	0.592834	2418914.357134	70.132393	0.240793
2434989.449175	1.774742	1.251431e+00	24351.524170	0.057874	0.542581	2444433.382532	85.314200	0.241294
2434989.452249	1.774742	9.374211e-01	23445.779119	0.061386	0.506023	2420621.134533	79.913687	0.242912
2434989.463769	1.774743	1.336620e+00	22723.160958	0.057444	0.449355	2444069.013872	82.673553	0.247452
2434989.441543	1.774740	1.736677e+00	25255.149168	0.066664	0.536744	2444015.105696	76.003189	0.247644
2434989.455379	1.774740	1.997424e+00	24043.198975	0.059491	0.543748	2444299.431114	86.174671	0.247774
2434989.438185	1.774737	3.283542e+00	26715.942446	0.064325	0.536900	2444059.348691	80.550943	0.250316
2434989.442883	1.774742	1.279046e+00	24073.000474	0.060682	0.551613	2443678.030504	70.019383	0.250477
2434989.451447	1.774742	2.203430e+00	24533.114733	0.063918	0.591102	2443994.064346	78.362518	0.250663
2434989.449245	1.774743	1.547319e+00	24353.645959	0.057646	0.499977	2444722.678749	93.460077	0.250762
2434989.459323	1.774744	2.410901e+00	23203.784696	0.058835	0.517183	2444788.691964	99.067146	0.251381
2434989.448966	1.774739	3.116331e+00	26032.638152	0.066981	0.560543	2444079.099761	74.150079	0.251587
2434989.434663	1.774742	2.705245e+00	24333.701540	0.062129	0.596833	2444579.631329	88.809427	0.251842
2434989.458665	1.774739	2.382047e+00	25949.293138	0.066204	0.516282	2443938.004975	79.583795	0.252167
2434989.459913	1.774742	2.389865e+00	25609.323571	0.063709	0.541593	2443928.770513	74.440070	0.252724
2434989.449270	1.774743	1.217724e+00	22736.887142	0.056788	0.500178	2422362.975340	102.583053	0.252833
2434989.443118	1.774742	6.133677e-01	24998.697777	0.059372	0.666810	2419141.436771	73.192540	0.253918
2434989.454531	1.774741	2.061620e+00	26978.062862	0.065929	0.550326	2443653.746897	70.237036	0.254533
2434989.459904	1.774739	1.896350e+00	24825.610013	0.064712	0.546228	2418821.449968	71.381918	0.254958
2434989.459787	1.774742	9.861110e-01	24891.538526	0.065819	0.447030	2443914.349617	77.722025	0.255381
2434989.452468	1.774742	1.456351e+00	24055.122000	0.063816	0.470471	2444185.968586	86.743425	0.255591
2434989.457560	1.774743	6.741026e-01	23165.202842	0.059568	0.624467	2444365.180582	83.350939	0.255808
2434989.458970	1.774743	7.786015e-01	23718.818500	0.061705	0.434511	2419882.873779	77.057398	0.255886
2434989.464248	1.774743	1.128597e+00	22908.840627	0.059953	0.528713	2421993.001772	97.768051	0.255991
2434989.437811	1.774741	2.073831e+00	23836.451457	0.064729	0.545745	2420156.035519	76.549945	0.256588
2434989.438724	1.774743	9.961044e-01	24345.514289	0.062623	0.409956	2419865.196490	83.449487	0.256814
2434989.449130	1.774741	2.100710e+00	28060.706045	0.067481	0.627241	2443688.155516	67.683114	0.256853
2434989.451991	1.774738	4.302909e+00	24724.504648	0.064718	0.495429	2419624.761890	90.550498	0.257147
2434989.437879	1.774743	2.208175e+00	23248.800111	0.062432	0.377759	2444550.041015	94.572796	0.257239
2434989.450540	1.774743	4.617570e+00	25996.752527	0.064707	0.521765	2418612.219413	94.299480	0.257711
2434989.451151	1.774742	2.471414e+00	27417.413476	0.067259	0.572976	2444239.029846	82.519524	0.257833
2434989.434834	1.774741	2.881400e+00	25670.806311	0.067596	0.524224	2418605.889498	80.624218	0.257997
2434989.448830	1.774742	1.764658e+00	24346.110625	0.060611	0.538557	2420229.562886	84.316325	0.258038
2434989.452404	1.774741	2.512111e+00	23391.939683	0.063266	0.556914	2443956.216979	75.951671	0.258733
2434989.434819	1.774741	1.756636e+00	23644.384991	0.058518	0.425299	2421064.532743	98.849020	0.258909
2434989.448488	1.774742	9.464234e-01	25652.245198	0.063464	0.462155	2417705.669109	68.400032	0.259023
2434989.454554	1.774740	2.440286e+00	25247.608595	0.064608	0.459474	2444271.648855	87.837287	0.259115
2434989.455505	1.774738	4.151268e+00	25262.676815	0.064792	0.540369	2444162.214154	82.598391	0.259322
2434989.444772	1.774742	1.030797e+00	23583.251503	0.065533	0.482288	2419902.911784	67.539383	0.259742
2434989.454451	1.774740	2.675853e+00	25611.598445	0.061437	0.569811	2443833.625559	75.582896	0.259932
2434989.443713	1.774742	1.008164e+00	23137.367671	0.062114	0.556057	2420724.294485	77.449190	0.260013
2434989.447863	1.774741	1.786905e+00	24132.220128	0.064035	0.531457	2443321.261464	62.862247	0.260289
2434989.436170	1.774739	1.566776e+00	26104.988765	0.062936	0.493666	2417460.779992	66.393703	0.260514
2434989.462147	1.774740	1.172989e+00	26090.562317	0.067816	0.536063	2417123.458148	61.903725	0.260621
2434989.464914	1.774743	2.034913e+00	25772.177438	0.063514	0.520485	2418718.450185	90.224872	0.260708
2434989.444528	1.774741	2.903608e+00	25594.329545	0.066718	0.457296	2443579.199452	72.102033	0.261151
2434989.448774	1.774741	1.598447e+00	24054.052231	0.059359	0.576132	2444706.478671	93.272532	0.261252
2434989.463902	1.774742	1.655373e+00	25411.283675	0.062677	0.537866	2443872.334654	76.238540	0.261713
2434989.438216	1.774742	1.932441e+00	25930.123989	0.063238	0.495718	2417870.778085	78.511968	0.261938
2434989.436943	1.774742	1.409598e+00	24646.902542	0.057629	0.545183	2443928.518875	75.012221	0.262046
2434989.443141	1.774739	2.915627e+00	26601.044480	0.065349	0.650297	2417861.855619	82.381931	0.262110
2434989.463463	1.774740	1.543193e+00	27259.926431	0.062596	0.587750	2416686.551115	73.969731	0.262370
2434989.438164	1.774740	1.431925e+00	28067.534098	0.069133	0.573483	2443878.758802	70.517761	0.262477
2434989.445432	1.774743	2.336187e+00	23726.684301	0.058195	0.469183	2444672.708250	93.027957	0.262544
2434989.445557	1.774743	1.117705e+00	23905.930717	0.056810	0.578432	2420079.906579	78.650973	0.263334
2434989.451515	1.774743	2.169093e+00	23981.966593	0.057332	0.479393	2444733.252309	93.392207	0.263412
2434989.437640	1.774740	2.314276e+00	25614.728465	0.063302	0.625414	2444508.456145	84.020708	0.263739
2434989.451970	1.774742	7.047033e-01	24775.265643	0.060062	0.563357	2444476.751992	84.172252	0.264066
2434989.436702	1.774741	1.783698e+00	23949.455081	0.065525	0.503974	2444360.196569	85.370032	0.264141
2434989.455301	1.774742	7.799557e-01	23926.826596	0.061259	0.533253	2419973.255863	67.944045	0.264191
2434989.461389	1.774741	9.280672e-01	26001.162058	0.066407	0.469168	2417898.520176	76.815991	0.264238
2434989.442831	1.774744	7.278808e-01	23079.230377	0.061045	0.459025	2443189.237711	67.741102	0.264255
2434989.442666	1.774741	2.216063e+00	24639.743481	0.062731	0.527225	2444718.471025	91.056385	0.264322
2434989.444838	1.774744	5.991802e-01	22178.880712	0.058394	0.514555	2421890.702913	78.501356	0.264329
2434989.463635	1.774742	1.776156e+00	26032.540283	0.068207	0.559863	2417420.530439	61.905251	0.264332
2434989.450377	1.774740	1.541247e+00	25108.604843	0.064471	0.437835	2418602.644766	74.722524	0.264424
2434989.439073	1.774739	2.682574e+00	27709.446022	0.065965	0.627490	2444194.043505	75.955299	0.264563
2434989.444928	1.774742	1.556465e+00	23096.260771	0.061871	0.489447	2443637.292880	74.502695	0.264801
2434989.457300	1.774738	1.505783e+00	27935.115306	0.064183	0.617115	2416182.179591	70.757724	0.264995
2434989.453214	1.774742	1.007801e+00	23477.732615	0.064264	0.410531	2420831.806895	86.626223	0.264996
2434989.454955	1.774742	1.336195e+00	26623.928469	0.065432	0.674867	2443879.182132	65.701441	0.265225
2434989.447963	1.774741	2.713278e+00	24526.770980	0.062511	0.618467	2443981.902628	74.129676	0.265559
2434989.439051	1.774743	3.287667e+00	23181.785424	0.063957	0.498036	2421189.920266	89.876070	0.265695
2434989.444480	1.774740	2.180290e+00	25704.197856	0.061074	0.579332	2443776.923468	68.847857	0.265862
2434989.458448	1.774739	3.348417e+00	27432.594171	0.069430	0.486944	2443945.650856	79.172897	0.266227
2434989.437932	1.774739	3.762553e+00	26177.392654	0.069097	0.586433	2417833.003343	75.078170	0.266279
2434989.433744	1.774739	2.214862e+00	24527.183576	0.062893	0.539118	2443628.421915	75.470092	0.266471
2434989.434938	1.774737	4.610441e+00	26124.418043	0.068902	0.504673	2444056.630123	84.861321	0.266506
2434989.447694	1.774743	1.933471e+00	22809.050850	0.062269	0.526839	2444715.037128	93.690905	0.266539
2434989.462413	1.774742	2.552600e+00	25170.047245	0.069096	0.463259	2418283.750239	71.287561	0.266576
2434989.444666	1.774742	4.217018e+00	25958.076315	0.070219	0.430030	2418481.254814	90.531607	0.266577
2434989.449087	1.774740	1.521412e+00	27222.448348	0.063591	0.665162	2417014.995097	72.042006	0.266924
2434989.450650	1.774742	2.304619e+00	25981.143864	0.062837	0.655564	2418478.056891	85.393113	0.267316
2434989.457073	1.774742	1.305508e+00	24454.576529	0.061754	0.561206	2443779.061765	71.917603	0.267696
2434989.437208	1.774743	1.539111e+00	22249.856879	0.058600	0.437511	2444316.275627	90.050376	0.267769
2434989.453381	1.774743	2.308784e+00	22340.443927	0.059666	0.434385	2444183.522557	84.632480	0.268178
2434989.454262	1.774743	7.284344e-01	22757.908960	0.058350	0.525229	2420539.644490	65.682526	0.268185
2434989.463280	1.774741	3.280896e+00	28100.642607	0.068291	0.556997	2443737.024189	67.993383	0.268186
2434989.443641	1.774739	2.042123e+00	26603.600060	0.069515	0.527491	2443625.400903	67.685443	0.268339
2434989.444263	1.774741	1.216334e+00	25454.010050	0.067045	0.493256	2418229.489889	70.600628	0.268693
2434989.437750	1.774742	2.867781e+00	25455.238104	0.064733	0.563969	2443895.641467	70.574725	0.268783
2434989.453569	1.774741	4.606467e+00	24498.648824	0.064029	0.506684	2444778.947963	96.485985	0.268801
2434989.445624	1.774740	2.250567e+00	23773.276553	0.062686	0.524186	2444207.777402	86.814427	0.268898
2434989.460910	1.774743	1.778108e+00	23505.487328	0.061685	0.435851	2420811.582382	82.769378	0.269033
2434989.441276	1.774740	5.016644e+00	25570.994181	0.067171	0.456870	2419026.943339	91.530347	0.269136
2434989.447346	1.774742	1.264379e+00	24863.445333	0.064921	0.642204	2418893.667580	64.563983	0.269166
2434989.457626	1.774741	8.567403e-01	25932.727370	0.063192	0.520618	2444034.358531	70.286386	0.269180
2434989.439356	1.774744	1.110567e+00	23836.219401	0.062032	0.452538	2421100.095285	99.929940	0.269214
2434989.438130	1.774741	1.615503e+00	24713.600894	0.066484	0.528354	2419601.739909	79.403183	0.269235
2434989.452988	1.774742	3.843117e+00	25984.884749	0.065460	0.578100	2418414.349174	90.006799	0.269398
2434989.442434	1.774741	2.115771e+00	25402.065947	0.061834	0.639323	2418752.178639	79.121623	0.269517
2434989.448478	1.774740	1.072224e+00	24288.949424	0.063883	0.590049	2419868.440331	76.002373	0.269573
2434989.443115	1.774744	6.740028e-01	22699.795158	0.060470	0.477646	2420755.469022	72.433291	0.269658
2434989.462097	1.774737	3.538783e+00	27088.603392	0.069402	0.621428	2443957.567576	74.336262	0.269828
2434989.463443	1.774740	3.369652e+00	26298.652203	0.062477	0.594453	2418208.254616	91.317973	0.269883
2434989.464117	1.774740	8.021254e-01	28263.306246	0.063230	0.639368	2415867.998540	71.206383	0.270302
2434989.437796	1.774739	4.199850e+00	23471.325029	0.063733	0.386599	2444513.075805	95.400904	0.270323
2434989.436441	1.774740	1.454544e+00	25604.114816	0.063318	0.610999	2418010.716091	68.942514	0.270387
2434989.460943	1.774741	4.134997e+00	27626.378302	0.065369	0.539745	2416743.871140	87.786842	0.270410
2434989.433254	1.774740	4.728790e+00	24518.935533	0.065922	0.439973	2419762.533055	93.161823	0.270428
2434989.450462	1.774743	1.099125e+00	24293.329166	0.061152	0.510557	2444250.076699	80.917340	0.270615
2434989.461302	1.774738	2.869210e+00	26991.692139	0.067167	0.619012	2444349.553686	85.230843	0.270694
2434989.446979	1.774743	1.702772e+00	22973.454793	0.060339	0.397822	2444637.545720	95.545969	0.270784
2434989.448660	1.774743	9.607332e-01	23809.704237	0.062257	0.384999	2443554.024184	75.237011	0.270861
2434989.464833	1.774742	1.213476e+00	25482.484292	0.063214	0.585456	2443048.837507	59.128453	0.270870
2434989.459644	1.774735	4.568358e+00	26807.993216	0.067989	0.598475	2444168.575285	76.841543	0.270902
2434989.463970	1.774739	1.940807e+00	25054.240087	0.067306	0.449825	2443887.809714	74.700229	0.270955
2434989.437169	1.774739	3.330602e+00	24436.478693	0.066994	0.498567	2419981.090527	86.210680	0.271014
2434989.454399	1.774739	3.105697e+00	27546.265736	0.068703	0.540250	2416517.868877	80.233201	0.271019
2434989.462102	1.774744	1.135990e+00	22885.269828	0.059142	0.498021	2444308.801124	89.056637	0.271037
2434989.451703	1.774740	6.305044e-01	26880.964374	0.068140	0.537610	2443159.373155	61.062569	0.271064
2434989.435760	1.774740	1.481859e+00	27857.367839	0.068653	0.609120	2443040.771634	57.114001	0.271292
2434989.436648	1.774743	1.007756e+00	24848.867425	0.064660	0.556012	2443753.006792	75.483228	0.271363
2434989.446773	1.774741	3.880332e+00	24247.124288	0.065521	0.430710	2444510.555458	93.920696	0.271466
2434989.450628	1.774742	3.670363e+00	25478.185126	0.064175	0.482950	2418891.098150	91.387295	0.271475
2434989.442740	1.774740	2.710853e+00	24218.945679	0.067303	0.411360	2443557.218170	76.799320	0.271755
2434989.464246	1.774743	2.966162e+00	26485.743687	0.069703	0.593810	2444280.476052	81.891235	0.271976
2434989.445305	1.774741	1.252246e+00	25193.993516	0.064702	0.497229	2444531.195446	89.057315	0.272207
2434989.438246	1.774742	2.586397e+00	22889.182218	0.061903	0.468529	2444209.034718	82.467430	0.272375
2434989.457051	1.774743	2.805976e+00	24401.591815	0.061787	0.425051	2444367.387273	92.554850	0.272452
2434989.453172	1.774739	1.528257e+00	27844.858878	0.068067	0.565333	2415967.629263	70.413685	0.272495
2434989.447040	1.774742	2.439560e+00	23331.546883	0.058234	0.554633	2444344.464498	90.220390	0.272528
2434989.448871	1.774737	4.781451e+00	26928.208157	0.065519	0.521718	2417696.677676	94.786191	0.272528
2434989.445456	1.774734	4.401107e+00	27879.272703	0.071227	0.610847	2416082.429016	76.606637	0.272898
2434989.455412	1.774740	2.722279e+00	25905.909348	0.067033	0.543315	2444143.011233	85.435353	0.272950
2434989.442667	1.774737	4.976381e+00	26713.202265	0.068408	0.518678	2418125.993455	94.410511	0.272953
2434989.451174	1.774741	2.719105e+00	25018.800033	0.061227	0.507680	2444073.576765	82.042485	0.273040
2434989.453289	1.774742	1.831462e+00	24015.196206	0.061253	0.535041	2420701.657797	87.319670	0.273171
2434989.446678	1.774740	1.709632e+00	25068.146021	0.065493	0.470289	2419086.154930	78.382448	0.273305
2434989.451468	1.774744	1.611289e+00	23326.155764	0.058628	0.465220	2421176.208910	89.989772	0.273424
2434989.452823	1.774743	6.144926e-01	24661.973138	0.059380	0.512478	2443552.861010	69.744691	0.273433
2434989.437064	1.774740	3.404688e+00	26478.101787	0.071729	0.601584	2417494.909747	73.889760	0.273457
2434989.440788	1.774741	1.532275e+00	24378.042652	0.061316	0.569350	2419207.431346	64.857615	0.273487
2434989.454214	1.774739	2.439120e+00	26014.254059	0.067727	0.520839	2417641.446125	70.602930	0.273933
2434989.447062	1.774742	8.696457e-01	25617.157514	0.062834	0.636786	2444232.376852	81.120021	0.274002
2434989.441954	1.774742	1.402128e+00	22235.539897	0.063092	0.438115	2443953.104961	80.040964	0.274125
2434989.458489	1.774742	1.238586e+00	24130.077571	0.063626	0.421443	2443890.775204	72.847731	0.274218
2434989.452753	1.774741	2.351708e+00	25236.762029	0.064494	0.548243	2444505.460218	87.929058	0.274398
2434989.442999	1.774743	2.238480e+00	22451.071697	0.061524	0.477000	2421817.407694	91.817327	0.274494
2434989.455297	1.774741	4.721244e+00	26499.967106	0.067410	0.558533	2444506.682954	94.072531	0.274709
2434989.454426	1.774738	2.824517e+00	24626.354080	0.068097	0.527768	2443226.467076	61.308925	0.274727
2434989.442334	1.774742	1.847211e+00	26571.561410	0.064405	0.652649	2443583.613050	67.375835	0.274775
2434989.450773	1.774743	1.803598e+00	25619.494267	0.059648	0.605152	2419111.869995	94.969095	0.274805
2434989.441850	1.774740	2.194075e+00	25672.931451	0.064279	0.507873	2418993.710014	88.091128	0.274825
2434989.462751	1.774739	2.762269e+00	25357.670834	0.063726	0.532457	2418755.154173	74.945959	0.274868
2434989.463651	1.774743	7.752648e-01	24112.923599	0.058075	0.384555	2443931.649148	81.617274	0.274888
2434989.464810	1.774740	8.856626e-01	28373.268519	0.066928	0.587242	2443957.809909	70.787720	0.274912
2434989.459239	1.774738	4.002713e+00	27527.592225	0.066763	0.575961	2444621.882214	87.615580	0.274930
2434989.457624	1.774740	9.609333e-01	27536.353091	0.063787	0.602306	2443456.026866	62.663939	0.275012
2434989.444041	1.774738	3.276186e+00	27191.316845	0.066864	0.654969	2416538.953565	65.348300	0.275204
2434989.461413	1.774741	1.797532e+00	24362.940690	0.058697	0.441828	2443846.338248	81.417752	0.275415
2434989.451699	1.774741	1.820312e+00	23749.329734	0.064761	0.522326	2443614.208220	70.355299	0.275475
2434989.456622	1.774744	3.601521e+00	25495.530162	0.067641	0.497268	2444263.258564	88.851430	0.275616
2434989.460274	1.774742	1.115691e+00	24776.372531	0.062932	0.627000	2419290.491881	77.731605	0.276043
2434989.448847	1.774737	4.026495e+00	26754.109078	0.068740	0.634055	2444453.159698	84.072867	0.276076
2434989.435337	1.774741	1.148147e+00	24174.660337	0.062285	0.665056	2419751.319109	69.446758	0.276168
2434989.462482	1.774743	1.288059e+00	24777.433626	0.065553	0.415385	2444140.538095	82.060927	0.276343
2434989.445346	1.774740	2.148002e+00	26185.773199	0.062723	0.517184	2418089.021682	88.057910	0.276390
2434989.446661	1.774744	1.117271e+00	23476.165783	0.060185	0.367057	2420873.611903	89.808173	0.276390
2434989.453244	1.774739	3.489592e+00	26218.231696	0.066309	0.580640	2418352.315210	84.615697	0.276410
2434989.446509	1.774742	1.395397e+00	24230.606173	0.059046	0.512954	2420702.199050	101.029386	0.276437
2434989.461755	1.774739	3.977003e+00	27028.541753	0.067881	0.577400	2417357.293716	86.008185	0.276516
2434989.442325	1.774741	2.679440e+00	24663.946526	0.058302	0.517502	2420343.092257	98.935320	0.276556
2434989.449309	1.774737	4.876961e+00	25557.412517	0.066310	0.466812	2419330.865247	102.798613	0.276593
2434989.460931	1.774740	2.156234e+00	24520.049456	0.067522	0.462309	2443436.226850	72.992220	0.276726
2434989.443953	1.774741	4.438272e+00	25310.593214	0.067764	0.435288	2444454.760305	94.396971	0.276835
2434989.442476	1.774744	2.750211e+00	22897.321350	0.062679	0.371399	2444135.694409	91.048430	0.276857
2434989.458929	1.774740	9.699814e-01	27569.262993	0.063760	0.536086	2416629.245792	80.943373	0.276879
2434989.439273	1.774741	2.227952e+00	24482.946392	0.064928	0.456356	2419819.812951	82.422113	0.276923
2434989.441738	1.774742	2.275717e+00	25643.686518	0.063391	0.501905	2417604.321042	64.038015	0.276938
2434989.442827	1.774740	1.864355e+00	26043.671451	0.064875	0.478600	2444218.198355	87.568899	0.276945
2434989.450947	1.774741	1.602263e+00	28049.849658	0.067841	0.523263	2415878.948014	73.485581	0.277002
2434989.444126	1.774742	1.319989e+00	25246.417351	0.066109	0.483564	2444232.354224	82.595034	0.277054
2434989.433761	1.774744	1.676496e+00	23521.344760	0.057554	0.421060	2420494.255912	85.942756	0.277178
2434989.449170	1.774742	5.081352e+00	24550.941341	0.068358	0.469617	2419892.300022	93.824552	0.277202
2434989.449344	1.774740	1.319683e+00	24400.578192	0.065022	0.512372	2444106.878552	72.597178	0.277276
2434989.433325	1.774744	1.407458e+00	23418.652575	0.060971	0.390534	2421149.440391	98.405050	0.277277
2434989.456265	1.774739	3.640311e+00	25101.985020	0.064855	0.445321	2444443.668212	92.490358	0.277359
2434989.433785	1.774737	2.904388e+00	27837.845038	0.067368	0.626100	2443709.051165	66.766623	0.277424
2434989.459771	1.774740	6.298639e-01	27165.372455	0.065645	0.522343	2416674.201510	66.436134	0.277479
2434989.434564	1.774743	8.890273e-01	24412.279734	0.060675	0.447406	2419558.282367	79.848127	0.277882
2434989.436049	1.774741	2.619705e+00	28499.065167	0.067466	0.639796	2444397.817077	79.297343	0.278044
2434989.451093	1.774737	3.255627e+00	26380.542414	0.067987	0.568899	2443793.690340	75.733021	0.278162
2434989.436888	1.774743	1.633830e+00	22658.225565	0.060003	0.470587	2421676.130916	86.734523	0.278170
2434989.459231	1.774737	4.633980e+00	24824.972582	0.068417	0.365164	2444502.074703	96.163105	0.278238
2434989.461791	1.774742	3.862726e+00	26578.045471	0.069451	0.473113	2443696.591279	72.763261	0.278272
