-10981.500000	0.068009	0.008380	2415500.110000	1.000000	-0.059629	-0.064021
-6149.000000	0.044581	0.075457	2424076.621000	3.000000	0.030876	0.032269
-6148.000000	0.044549	0.005715	2424078.326000	3.000000	-0.038834	-0.037469
-5410.000000	0.022370	0.008629	2425388.089000	3.000000	-0.013741	-0.031088
-5158.000000	0.015594	0.029478	2425835.345000	3.000000	0.013884	-0.009115
-5157.500000	0.015568	0.067106	2425836.270000	3.000000	0.051539	0.028515
-4817.000000	0.007078	-0.015771	2426440.487000	3.000000	-0.022848	-0.052892
-4747.000000	0.005422	-0.006757	2426564.728000	3.000000	-0.012179	-0.043583
-4510.000000	0.000051	-0.008768	2426985.340000	3.000000	-0.008820	-0.044613
-3645.000000	-0.016523	-0.116173	2428520.385000	3.000000	-0.099649	-0.148665
-155.000000	-0.036126	-0.044069	2434714.309000	3.000000	-0.007943	-0.066709
-4.500000	-0.035237	-0.031840	2434981.420000	10.000000	0.003398	-0.054187
0.000000	-0.035205	-0.034182	2434989.404000	10.000000	0.001023	-0.056521
3315.500000	0.026903	0.019516	2440873.617000	10.000000	-0.007386	0.000836
3315.500000	0.026903	0.024516	2440873.622000	10.000000	-0.002386	0.005836
3497.500000	0.032834	0.036352	2441196.637000	3.000000	0.003518	0.017718
4315.000000	0.061181	0.054224	2442647.507000	3.000000	-0.006957	0.035604
4953.000000	0.079054	0.074405	2443779.813000	10.000000	-0.004650	0.055570
4973.000000	0.079405	0.081851	2443815.315300	10.000000	0.002446	0.063007
5034.000000	0.080360	0.086249	2443923.579000	10.000000	0.005889	0.067373
5060.500000	0.080727	0.085568	2443970.609000	10.000000	0.004841	0.066678
5083.000000	0.081000	0.076858	2444010.532000	10.000000	-0.004141	0.057956
5368.000000	0.082303	0.077199	2444516.334000	10.000000	-0.005104	0.058120
5375.500000	0.082279	0.083629	2444529.651000	10.000000	0.001350	0.064545
5434.500000	0.082010	0.072812	2444634.350000	10.000000	-0.009198	0.053686
5660.000000	0.079545	0.080341	2445034.562000	10.000000	0.000796	0.061040
5672.500000	0.079340	0.080058	2445056.746000	10.000000	0.000718	0.060746
5753.500000	0.077935	0.078902	2445200.499000	10.000000	0.000968	0.059521
5766.500000	0.077689	0.078248	2445223.570000	10.000000	0.000558	0.058855
5790.500000	0.077223	0.079624	2445266.165200	10.000000	0.002401	0.060210
5957.500000	0.073555	0.070399	2445562.538000	10.000000	-0.003156	0.050829
5967.000000	0.073339	0.070344	2445579.398000	10.000000	-0.002995	0.050764
6183.500000	0.067716	0.072857	2445963.632300	10.000000	0.005141	0.053054
6353.000000	0.062947	0.068275	2446264.446600	10.000000	0.005329	0.048282
6397.500000	0.061641	0.060627	2446343.415000	10.000000	-0.001014	0.040581
6406.000000	0.061408	0.060914	2446358.500600	10.000000	-0.000494	0.040858
6406.500000	0.061379	0.061643	2446359.388700	10.000000	0.000264	0.041586
6517.500000	0.058114	0.049507	2446556.373000	10.000000	-0.008607	0.029315
6601.500000	0.055620	0.053023	2446705.454900	10.000000	-0.002597	0.032725
6615.000000	0.055234	0.052597	2446729.413500	10.000000	-0.002636	0.032282
6637.500000	0.054549	0.051687	2446769.344300	10.000000	-0.002861	0.031343
6721.000000	0.052075	0.055375	2446917.539000	10.000000	0.003300	0.034920
6743.500000	0.051390	0.049365	2446957.464700	10.000000	-0.002025	0.028879
6823.500000	0.049011	0.046352	2447099.441100	10.000000	-0.002659	0.025756
7014.500000	0.043384	0.041903	2447438.412500	10.000000	-0.001480	0.021033
7032.000000	0.042888	0.040207	2447469.468800	10.000000	-0.002681	0.019310
7032.500000	0.042858	0.036035	2447470.352000	10.000000	-0.006823	0.015138
7077.000000	0.041580	0.048787	2447549.340800	10.000000	0.007207	0.027822
7169.500000	0.038901	0.038290	2447713.494000	10.000000	-0.000611	0.017184
7178.500000	0.038644	0.039906	2447729.468300	10.000000	0.001262	0.018785
7205.000000	0.037903	0.038426	2447776.497500	10.000000	0.000523	0.017263
7423.000000	0.031810	0.032025	2448163.385000	10.000000	0.000215	0.010507
7485.000000	0.030121	0.031880	2448273.418900	10.000000	0.001759	0.010257
7485.000000	0.030121	0.033480	2448273.420500	10.000000	0.003359	0.011857
7494.000000	0.029878	0.027396	2448289.387100	10.000000	-0.002482	0.005757
7494.000000	0.029878	0.028996	2448289.388700	10.000000	-0.000882	0.007357
7614.500000	0.026649	0.025205	2448503.241400	5.000000	-0.001444	0.003356
7624.000000	0.026412	0.028950	2448520.105200	5.000000	0.002538	0.007083
7636.000000	0.026097	0.030338	2448541.403500	10.000000	0.004241	0.008450
7644.000000	0.025887	0.025396	2448555.596500	10.000000	-0.000491	0.003494
8257.500000	0.010955	0.014872	2449644.390600	10.000000	0.003918	-0.008219
8719.500000	0.001313	-0.000038	2450464.306800	10.000000	-0.001352	-0.024145
9279.000000	-0.008552	0.023641	2451457.299000	3.000000	0.032194	-0.001834
9306.500000	-0.008977	-0.007682	2451506.073100	10.000000	0.001295	-0.033228
9315.500000	-0.009118	-0.009366	2451522.044100	10.000000	-0.000248	-0.034936
9342.500000	-0.009536	-0.011918	2451569.959600	10.000000	-0.002382	-0.037558
10149.000000	-0.019906	-0.016676	2453001.284800	5.000000	0.003229	-0.044580
10903.000000	-0.025909	-0.034845	2454339.422600	5.000000	-0.008936	-0.065148
11111.500000	-0.026946	-0.030690	2454709.460600	5.000000	-0.003744	-0.061706
