2434222.554598	4.672491	0.000000e+00	15788.005201	0.203792	0.634315	2433661.732721	91.752866	1.222308
2434222.559586	4.672485	0.000000e+00	15792.606595	0.211292	0.551417	2433657.778387	95.856263	1.881032
2434222.557059	4.672488	0.000000e+00	15791.447704	0.215455	0.589843	2433664.130686	96.081842	1.836019
2434222.574599	4.672485	0.000000e+00	15793.028313	0.217137	0.630285	2433657.106330	96.392261	1.878914
2434222.563448	4.672486	0.000000e+00	15792.301802	0.212525	0.568484	2433656.602861	95.051719	1.874387
2434222.570632	4.672486	0.000000e+00	15792.655847	0.214355	0.606280	2433655.300943	98.620713	1.874634
2434222.566036	4.672487	0.000000e+00	15791.034607	0.212267	0.609528	2433668.449369	95.996463	1.880406
2434222.568330	4.672485	0.000000e+00	15793.317850	0.215157	0.604524	2433656.325525	98.508129	1.880578
2434222.565605	4.672487	0.000000e+00	15793.414762	0.217799	0.605239	2433670.757265	97.666433	1.865210
2434222.570206	4.672485	0.000000e+00	15789.868071	0.213627	0.602040	2433665.941433	96.734749	1.825223
2434222.564123	4.672485	0.000000e+00	15791.498065	0.214346	0.584480	2433659.169295	96.944446	1.877406
2434222.570697	4.672485	0.000000e+00	15789.817993	0.214780	0.603369	2433655.449169	97.735949	1.858883
2434222.571965	4.672485	0.000000e+00	15788.843504	0.214974	0.621249	2433655.269485	95.931318	1.875696
2434222.576694	4.672485	0.000000e+00	15792.270970	0.217496	0.667801	2433663.732154	95.041132	1.742256
2434222.570655	4.672486	0.000000e+00	15791.908783	0.217207	0.608691	2433656.136308	99.064017	1.872439
2434222.568697	4.672485	0.000000e+00	15793.000586	0.215421	0.590703	2433672.680413	99.309527	1.851905
2434222.575627	4.672485	0.000000e+00	15787.355324	0.218278	0.626364	2433660.018868	95.135644	1.778162
2434222.570468	4.672486	0.000000e+00	15792.257508	0.215272	0.624574	2433660.920501	95.917628	1.826712
2434222.569129	4.672485	0.000000e+00	15792.029853	0.217542	0.587403	2433663.741572	97.050481	1.857098
2434222.563334	4.672486	0.000000e+00	15793.289433	0.212073	0.562843	2433668.401158	97.517043	1.854969
2434222.568592	4.672485	0.000000e+00	15791.773837	0.216486	0.597729	2433668.955700	97.918306	1.840783
2434222.569138	4.672486	0.000000e+00	15792.284264	0.212299	0.604143	2433666.036701	95.805872	1.861338
2434222.567529	4.672487	0.000000e+00	15793.416991	0.212559	0.616125	2433666.025117	96.409694	1.842729
2434222.566442	4.672488	0.000000e+00	15793.476988	0.215102	0.607758	2433655.742401	95.685490	1.874272
2434222.564555	4.672485	0.000000e+00	15792.985788	0.214975	0.572615	2433656.460825	96.142389	1.874793
2434222.566093	4.672487	0.000000e+00	15792.960614	0.215890	0.608320	2433659.523833	96.199990	1.863950
2434222.565774	4.672487	0.000000e+00	15790.708183	0.217865	0.601938	2433670.456707	97.589084	1.843598
2434222.570014	4.672484	0.000000e+00	15792.486306	0.215740	0.605468	2433659.632059	96.897358	1.837762
2434222.571573	4.672485	0.000000e+00	15793.493806	0.215905	0.617053	2433654.885543	97.565399	1.874337
2434222.566823	4.672488	0.000000e+00	15793.312370	0.210897	0.601453	2433659.490014	96.520706	1.876277
2434222.569459	4.672485	0.000000e+00	15792.748885	0.214724	0.615426	2433660.707696	97.640170	1.865492
2434222.567215	4.672486	0.000000e+00	15788.941614	0.217139	0.615337	2433658.170538	96.302733	1.877115
2434222.565156	4.672485	0.000000e+00	15790.471403	0.215930	0.600562	2433672.562569	96.310441	1.872929
2434222.565560	4.672487	0.000000e+00	15791.703294	0.218058	0.605252	2433655.998553	98.436846	1.875595
2434222.564821	4.672487	0.000000e+00	15791.741458	0.217847	0.562302	2433661.524759	98.276759	1.875836
2434222.562600	4.672487	0.000000e+00	15791.722188	0.213728	0.594045	2433663.386357	96.847886	1.878586
2434222.566286	4.672487	0.000000e+00	15790.339717	0.213402	0.604472	2433670.270803	96.358741	1.869664
2434222.562552	4.672486	0.000000e+00	15791.716420	0.209534	0.565323	2433656.118406	97.522459	1.867099
2434222.574824	4.672485	0.000000e+00	15792.914150	0.214631	0.628091	2433660.529039	96.250592	1.876809
2434222.565568	4.672487	0.000000e+00	15792.168112	0.216587	0.620293	2433663.877440	97.126877	1.867005
2434222.567506	4.672485	0.000000e+00	15792.897261	0.212185	0.603053	2433662.982170	95.205273	1.878878
2434222.571909	4.672485	0.000000e+00	15792.429777	0.214937	0.629087	2433662.380475	95.951141	1.877023
2434222.572790	4.672486	0.000000e+00	15793.234137	0.213172	0.612522	2433662.068595	97.826096	1.858660
2434222.567199	4.672486	0.000000e+00	15792.091737	0.214910	0.584597	2433657.472584	97.731582	1.870637
2434222.565076	4.672486	0.000000e+00	15791.717474	0.214546	0.588784	2433664.321067	96.590992	1.874151
2434222.561533	4.672485	0.000000e+00	15792.660798	0.212785	0.558627	2433659.309338	97.898141	1.836093
2434222.565354	4.672485	0.000000e+00	15791.422601	0.215780	0.590052	2433658.520855	95.766125	1.860972
2434222.568236	4.672487	0.000000e+00	15791.931608	0.217100	0.618392	2433667.310077	98.244713	1.868547
2434222.568875	4.672485	0.000000e+00	15792.581637	0.217943	0.592630	2433655.226885	96.760754	1.875775
2434222.564806	4.672486	0.000000e+00	15791.389780	0.214029	0.564104	2433655.134102	97.305779	1.875511
2434222.562157	4.672486	0.000000e+00	15793.245798	0.214317	0.553823	2433665.561708	96.837844	1.873282
2434222.564972	4.672487	0.000000e+00	15793.328015	0.215284	0.580828	2433671.570427	98.884362	1.877961
2434222.566232	4.672488	0.000000e+00	15792.990593	0.214137	0.614741	2433656.143414	95.013921	1.864349
2434222.562850	4.672487	0.000000e+00	15792.853754	0.211259	0.566226	2433655.452877	97.119584	1.868454
2434222.565663	4.672486	0.000000e+00	15793.379993	0.210804	0.568526	2433661.586726	96.156366	1.868339
2434222.564568	4.672488	0.000000e+00	15791.943209	0.218059	0.598684	2433664.214054	96.793502	1.880768
2434222.565360	4.672487	0.000000e+00	15793.322836	0.216655	0.587680	2433660.599864	98.499200	1.876267
2434222.566718	4.672486	0.000000e+00	15792.264450	0.212090	0.579733	2433665.037444	97.459168	1.859596
2434222.570704	4.672485	0.000000e+00	15792.734932	0.214666	0.621478	2433664.647076	96.888632	1.871700
2434222.559555	4.672487	0.000000e+00	15792.956226	0.211538	0.581508	2433670.518277	96.080412	1.871987
2434222.568760	4.672486	0.000000e+00	15792.993326	0.218256	0.593147	2433657.921699	97.956030	1.828970
2434222.559579	4.672485	0.000000e+00	15791.088410	0.214331	0.558976	2433667.832527	95.421266	1.809493
2434222.566435	4.672486	0.000000e+00	15791.611618	0.218218	0.619806	2433665.451633	96.503390	1.853505
2434222.568981	4.672484	0.000000e+00	15791.938398	0.211351	0.599170	2433658.518039	95.555230	1.880659
2434222.564141	4.672486	0.000000e+00	15789.540541	0.218315	0.594723	2433658.613836	96.365406	1.879896
2434222.570259	4.672489	0.000000e+00	15792.812414	0.217654	0.589181	2433666.083812	101.644922	1.815119
2434222.567764	4.672487	0.000000e+00	15792.473794	0.213963	0.546874	2433664.237601	99.990609	1.815384
2434222.554290	4.672482	0.000000e+00	15793.111095	0.198007	0.490345	2433668.696655	95.173132	1.695756
2434222.565342	4.672486	0.000000e+00	15789.797809	0.216222	0.590242	2433661.879412	96.960195	1.878561
2434222.566173	4.672484	0.000000e+00	15793.072764	0.213257	0.587734	2433662.395028	96.739619	1.878918
2434222.567261	4.672485	0.000000e+00	15792.128545	0.215951	0.609337	2433666.346878	96.101015	1.880247
2434222.564386	4.672486	0.000000e+00	15793.426454	0.214015	0.582821	2433667.773317	98.272444	1.843714
2434222.574051	4.672482	0.000000e+00	15787.914073	0.216092	0.632590	2433656.602358	101.552519	1.769697
2434222.563105	4.672487	0.000000e+00	15793.471054	0.217637	0.577844	2433668.812139	98.226012	1.878337
