-3690.000000	0.175600	0.000000	0.175600
-3680.000000	0.179697	0.000000	0.179697
-3670.000000	0.183693	0.000000	0.183693
-3660.000000	0.187569	0.000000	0.187569
-3650.000000	0.191286	0.000000	0.191286
-3640.000000	0.194866	0.000000	0.194866
-3630.000000	0.198266	0.000000	0.198266
-3620.000000	0.201467	0.000000	0.201467
-3610.000000	0.204447	0.000000	0.204447
-3600.000000	0.207183	0.000000	0.207183
-3590.000000	0.209653	0.000000	0.209653
-3580.000000	0.211844	0.000000	0.211844
-3570.000000	0.213712	0.000000	0.213712
-3560.000000	0.215239	0.000000	0.215239
-3550.000000	0.216410	0.000000	0.216410
-3540.000000	0.217199	0.000000	0.217199
-3530.000000	0.217593	0.000000	0.217593
-3520.000000	0.217578	0.000000	0.217578
-3510.000000	0.217145	0.000000	0.217145
-3500.000000	0.216288	0.000000	0.216288
-3490.000000	0.215018	0.000000	0.215018
-3480.000000	0.213332	0.000000	0.213332
-3470.000000	0.211246	0.000000	0.211246
-3460.000000	0.208780	0.000000	0.208780
-3450.000000	0.205935	0.000000	0.205935
-3440.000000	0.202767	0.000000	0.202767
-3430.000000	0.199286	0.000000	0.199286
-3420.000000	0.195512	0.000000	0.195512
-3410.000000	0.191465	0.000000	0.191465
-3400.000000	0.187208	0.000000	0.187208
-3390.000000	0.182747	0.000000	0.182747
-3380.000000	0.178081	0.000000	0.178081
-3370.000000	0.173280	0.000000	0.173280
-3360.000000	0.168342	0.000000	0.168342
-3350.000000	0.163289	0.000000	0.163289
-3340.000000	0.158140	0.000000	0.158140
-3330.000000	0.152946	0.000000	0.152946
-3320.000000	0.147665	0.000000	0.147665
-3310.000000	0.142344	0.000000	0.142344
-3300.000000	0.137001	0.000000	0.137001
-3290.000000	0.131616	0.000000	0.131616
-3280.000000	0.126237	0.000000	0.126237
-3270.000000	0.120844	0.000000	0.120844
-3260.000000	0.115482	0.000000	0.115482
-3250.000000	0.110129	0.000000	0.110129
-3240.000000	0.104759	0.000000	0.104759
-3230.000000	0.099452	0.000000	0.099452
-3220.000000	0.094145	0.000000	0.094145
-3210.000000	0.088882	0.000000	0.088882
-3200.000000	0.083633	0.000000	0.083633
-3190.000000	0.078444	0.000000	0.078444
-3180.000000	0.073320	0.000000	0.073320
-3170.000000	0.068190	0.000000	0.068190
-3160.000000	0.063137	0.000000	0.063137
-3150.000000	0.058127	0.000000	0.058127
-3140.000000	0.053165	0.000000	0.053165
-3130.000000	0.048255	0.000000	0.048255
-3120.000000	0.043400	0.000000	0.043400
-3110.000000	0.038564	0.000000	0.038564
-3100.000000	0.033832	0.000000	0.033832
-3090.000000	0.029125	0.000000	0.029125
-3080.000000	0.024445	0.000000	0.024445
-3070.000000	0.019837	0.000000	0.019837
-3060.000000	0.015303	0.000000	0.015303
-3050.000000	0.010804	0.000000	0.010804
-3040.000000	0.006343	0.000000	0.006343
-3030.000000	0.001962	0.000000	0.001962
-3020.000000	-0.002378	0.000000	-0.002378
-3010.000000	-0.006676	0.000000	-0.006676
-3000.000000	-0.010887	0.000000	-0.010887
-2990.000000	-0.015053	0.000000	-0.015053
-2980.000000	-0.019171	0.000000	-0.019171
-2970.000000	-0.023241	0.000000	-0.023241
-2960.000000	-0.027262	0.000000	-0.027262
-2950.000000	-0.031232	0.000000	-0.031232
-2940.000000	-0.035150	0.000000	-0.035150
-2930.000000	-0.039015	0.000000	-0.039015
-2920.000000	-0.042868	0.000000	-0.042868
-2910.000000	-0.046625	0.000000	-0.046625
-2900.000000	-0.050327	0.000000	-0.050327
-2890.000000	-0.053973	0.000000	-0.053973
-2880.000000	-0.057604	0.000000	-0.057604
-2870.000000	-0.061177	0.000000	-0.061177
-2860.000000	-0.064692	0.000000	-0.064692
-2850.000000	-0.068150	0.000000	-0.068150
-2840.000000	-0.071588	0.000000	-0.071588
-2830.000000	-0.074967	0.000000	-0.074967
-2820.000000	-0.078287	0.000000	-0.078287
-2810.000000	-0.081548	0.000000	-0.081548
-2800.000000	-0.084787	0.000000	-0.084787
-2790.000000	-0.087966	0.000000	-0.087966
-2780.000000	-0.091123	0.000000	-0.091123
-2770.000000	-0.094219	0.000000	-0.094219
-2760.000000	-0.097255	0.000000	-0.097255
-2750.000000	-0.100267	0.000000	-0.100267
-2740.000000	-0.103218	0.000000	-0.103218
-2730.000000	-0.106145	0.000000	-0.106145
-2720.000000	-0.109011	0.000000	-0.109011
-2710.000000	-0.111852	0.000000	-0.111852
-2700.000000	-0.114631	0.000000	-0.114631
-2690.000000	-0.117350	0.000000	-0.117350
-2680.000000	-0.120044	0.000000	-0.120044
-2670.000000	-0.122711	0.000000	-0.122711
-2660.000000	-0.125317	0.000000	-0.125317
-2650.000000	-0.127897	0.000000	-0.127897
-2640.000000	-0.130449	0.000000	-0.130449
-2630.000000	-0.132941	0.000000	-0.132941
-2620.000000	-0.135372	0.000000	-0.135372
-2610.000000	-0.137777	0.000000	-0.137777
-2600.000000	-0.140153	0.000000	-0.140153
-2590.000000	-0.142470	0.000000	-0.142470
-2580.000000	-0.144759	0.000000	-0.144759
-2570.000000	-0.147020	0.000000	-0.147020
-2560.000000	-0.149221	0.000000	-0.149221
-2550.000000	-0.151394	0.000000	-0.151394
-2540.000000	-0.153538	0.000000	-0.153538
-2530.000000	-0.155624	0.000000	-0.155624
-2520.000000	-0.157680	0.000000	-0.157680
-2510.000000	-0.159708	0.000000	-0.159708
-2500.000000	-0.161678	0.000000	-0.161678
-2490.000000	-0.163619	0.000000	-0.163619
-2480.000000	-0.165530	0.000000	-0.165530
-2470.000000	-0.167385	0.000000	-0.167385
-2460.000000	-0.169237	0.000000	-0.169237
-2450.000000	-0.171033	0.000000	-0.171033
-2440.000000	-0.172773	0.000000	-0.172773
-2430.000000	-0.174509	0.000000	-0.174509
-2420.000000	-0.176190	0.000000	-0.176190
-2410.000000	-0.177841	0.000000	-0.177841
-2400.000000	-0.179438	0.000000	-0.179438
-2390.000000	-0.181028	0.000000	-0.181028
-2380.000000	-0.182565	0.000000	-0.182565
-2370.000000	-0.184072	0.000000	-0.184072
-2360.000000	-0.185549	0.000000	-0.185549
-2350.000000	-0.186973	0.000000	-0.186973
-2340.000000	-0.188389	0.000000	-0.188389
-2330.000000	-0.189753	0.000000	-0.189753
-2320.000000	-0.191086	0.000000	-0.191086
-2310.000000	-0.192389	0.000000	-0.192389
-2300.000000	-0.193643	0.000000	-0.193643
-2290.000000	-0.194884	0.000000	-0.194884
-2280.000000	-0.196076	0.000000	-0.196076
-2270.000000	-0.197238	0.000000	-0.197238
-2260.000000	-0.198370	0.000000	-0.198370
-2250.000000	-0.199470	0.000000	-0.199470
-2240.000000	-0.200523	0.000000	-0.200523
-2230.000000	-0.201562	0.000000	-0.201562
-2220.000000	-0.202554	0.000000	-0.202554
-2210.000000	-0.203516	0.000000	-0.203516
-2200.000000	-0.204447	0.000000	-0.204447
-2190.000000	-0.205347	0.000000	-0.205347
-2180.000000	-0.206216	0.000000	-0.206216
-2170.000000	-0.207055	0.000000	-0.207055
-2160.000000	-0.207849	0.000000	-0.207849
-2150.000000	-0.208626	0.000000	-0.208626
-2140.000000	-0.209359	0.000000	-0.209359
-2130.000000	-0.210062	0.000000	-0.210062
-2120.000000	-0.210734	0.000000	-0.210734
-2110.000000	-0.211376	0.000000	-0.211376
-2100.000000	-0.211987	0.000000	-0.211987
-2090.000000	-0.212566	0.000000	-0.212566
-2080.000000	-0.213106	0.000000	-0.213106
-2070.000000	-0.213625	0.000000	-0.213625
-2060.000000	-0.214104	0.000000	-0.214104
-2050.000000	-0.214560	0.000000	-0.214560
-2040.000000	-0.214979	0.000000	-0.214979
-2030.000000	-0.215367	0.000000	-0.215367
-2020.000000	-0.215724	0.000000	-0.215724
-2010.000000	-0.216056	0.000000	-0.216056
-2000.000000	-0.216352	0.000000	-0.216352
-1990.000000	-0.216618	0.000000	-0.216618
-1980.000000	-0.216853	0.000000	-0.216853
-1970.000000	-0.217054	0.000000	-0.217054
-1960.000000	-0.217228	0.000000	-0.217228
-1950.000000	-0.217371	0.000000	-0.217371
-1940.000000	-0.217484	0.000000	-0.217484
-1930.000000	-0.217564	0.000000	-0.217564
-1920.000000	-0.217616	0.000000	-0.217616
-1910.000000	-0.217637	0.000000	-0.217637
-1900.000000	-0.217627	0.000000	-0.217627
-1890.000000	-0.217587	0.000000	-0.217587
-1880.000000	-0.217518	0.000000	-0.217518
-1870.000000	-0.217416	0.000000	-0.217416
-1860.000000	-0.217287	0.000000	-0.217287
-1850.000000	-0.217125	0.000000	-0.217125
-1840.000000	-0.216935	0.000000	-0.216935
-1830.000000	-0.216712	0.000000	-0.216712
-1820.000000	-0.216463	0.000000	-0.216463
-1810.000000	-0.216179	0.000000	-0.216179
-1800.000000	-0.215870	0.000000	-0.215870
-1790.000000	-0.215526	0.000000	-0.215526
-1780.000000	-0.215158	0.000000	-0.215158
-1770.000000	-0.214760	0.000000	-0.214760
-1760.000000	-0.214325	0.000000	-0.214325
-1750.000000	-0.213868	0.000000	-0.213868
-1740.000000	-0.213374	0.000000	-0.213374
-1730.000000	-0.212858	0.000000	-0.212858
-1720.000000	-0.212303	0.000000	-0.212303
-1710.000000	-0.211719	0.000000	-0.211719
-1700.000000	-0.211115	0.000000	-0.211115
-1690.000000	-0.210471	0.000000	-0.210471
-1680.000000	-0.209798	0.000000	-0.209798
-1670.000000	-0.209107	0.000000	-0.209107
-1660.000000	-0.208375	0.000000	-0.208375
-1650.000000	-0.207613	0.000000	-0.207613
-1640.000000	-0.206822	0.000000	-0.206822
-1630.000000	-0.206002	0.000000	-0.206002
-1620.000000	-0.205153	0.000000	-0.205153
-1610.000000	-0.204275	0.000000	-0.204275
-1600.000000	-0.203368	0.000000	-0.203368
-1590.000000	-0.202432	0.000000	-0.202432
-1580.000000	-0.201468	0.000000	-0.201468
-1570.000000	-0.200475	0.000000	-0.200475
-1560.000000	-0.199437	0.000000	-0.199437
-1550.000000	-0.198387	0.000000	-0.198387
-1540.000000	-0.197292	0.000000	-0.197292
-1530.000000	-0.196185	0.000000	-0.196185
-1520.000000	-0.195033	0.000000	-0.195033
-1510.000000	-0.193852	0.000000	-0.193852
-1500.000000	-0.192643	0.000000	-0.192643
-1490.000000	-0.191405	0.000000	-0.191405
-1480.000000	-0.190140	0.000000	-0.190140
-1470.000000	-0.188847	0.000000	-0.188847
-1460.000000	-0.187505	0.000000	-0.187505
-1450.000000	-0.186157	0.000000	-0.186157
-1440.000000	-0.184759	0.000000	-0.184759
-1430.000000	-0.183356	0.000000	-0.183356
-1420.000000	-0.181904	0.000000	-0.181904
-1410.000000	-0.180424	0.000000	-0.180424
-1400.000000	-0.178917	0.000000	-0.178917
-1390.000000	-0.177359	0.000000	-0.177359
-1380.000000	-0.175797	0.000000	-0.175797
-1370.000000	-0.174185	0.000000	-0.174185
-1360.000000	-0.172570	0.000000	-0.172570
-1350.000000	-0.170904	0.000000	-0.170904
-1340.000000	-0.169211	0.000000	-0.169211
-1330.000000	-0.167492	0.000000	-0.167492
-1320.000000	-0.165720	0.000000	-0.165720
-1310.000000	-0.163949	0.000000	-0.163949
-1300.000000	-0.162125	0.000000	-0.162125
-1290.000000	-0.160274	0.000000	-0.160274
-1280.000000	-0.158398	0.000000	-0.158398
-1270.000000	-0.156497	0.000000	-0.156497
-1260.000000	-0.154541	0.000000	-0.154541
-1250.000000	-0.152559	0.000000	-0.152559
-1240.000000	-0.150553	0.000000	-0.150553
-1230.000000	-0.148521	0.000000	-0.148521
-1220.000000	-0.146465	0.000000	-0.146465
-1210.000000	-0.144354	0.000000	-0.144354
-1200.000000	-0.142218	0.000000	-0.142218
-1190.000000	-0.140058	0.000000	-0.140058
-1180.000000	-0.137874	0.000000	-0.137874
-1170.000000	-0.135634	0.000000	-0.135634
-1160.000000	-0.133371	0.000000	-0.133371
-1150.000000	-0.131084	0.000000	-0.131084
-1140.000000	-0.128774	0.000000	-0.128774
-1130.000000	-0.126407	0.000000	-0.126407
-1120.000000	-0.124018	0.000000	-0.124018
-1110.000000	-0.121606	0.000000	-0.121606
-1100.000000	-0.119138	0.000000	-0.119138
-1090.000000	-0.116682	0.000000	-0.116682
-1080.000000	-0.114135	0.000000	-0.114135
-1070.000000	-0.111602	0.000000	-0.111602
-1060.000000	-0.109012	0.000000	-0.109012
-1050.000000	-0.106401	0.000000	-0.106401
-1040.000000	-0.103733	0.000000	-0.103733
-1030.000000	-0.101045	0.000000	-0.101045
-1020.000000	-0.098337	0.000000	-0.098337
-1010.000000	-0.095610	0.000000	-0.095610
-1000.000000	-0.092788	0.000000	-0.092788
-990.000000	-0.089985	0.000000	-0.089985
-980.000000	-0.087126	0.000000	-0.087126
-970.000000	-0.084249	0.000000	-0.084249
-960.000000	-0.081316	0.000000	-0.081316
-950.000000	-0.078366	0.000000	-0.078366
-940.000000	-0.075399	0.000000	-0.075399
-930.000000	-0.072376	0.000000	-0.072376
-920.000000	-0.069299	0.000000	-0.069299
-910.000000	-0.066205	0.000000	-0.066205
-900.000000	-0.063097	0.000000	-0.063097
-890.000000	-0.059935	0.000000	-0.059935
-880.000000	-0.056719	0.000000	-0.056719
-870.000000	-0.053489	0.000000	-0.053489
-860.000000	-0.050206	0.000000	-0.050206
-850.000000	-0.046911	0.000000	-0.046911
-840.000000	-0.043564	0.000000	-0.043564
-830.000000	-0.040206	0.000000	-0.040206
-820.000000	-0.036797	0.000000	-0.036797
-810.000000	-0.033337	0.000000	-0.033337
-800.000000	-0.029869	0.000000	-0.029869
-790.000000	-0.026352	0.000000	-0.026352
-780.000000	-0.022827	0.000000	-0.022827
-770.000000	-0.019213	0.000000	-0.019213
-760.000000	-0.015595	0.000000	-0.015595
-750.000000	-0.011930	0.000000	-0.011930
-740.000000	-0.008261	0.000000	-0.008261
-730.000000	-0.004507	0.000000	-0.004507
-720.000000	-0.000751	0.000000	-0.000751
-710.000000	0.003046	0.000000	0.003046
-700.000000	0.006884	0.000000	0.006884
-690.000000	0.010762	0.000000	0.010762
-680.000000	0.014636	0.000000	0.014636
-670.000000	0.018589	0.000000	0.018589
-660.000000	0.022577	0.000000	0.022577
-650.000000	0.026599	0.000000	0.026599
-640.000000	0.030612	0.000000	0.030612
-630.000000	0.034697	0.000000	0.034697
-620.000000	0.038810	0.000000	0.038810
-610.000000	0.042950	0.000000	0.042950
-600.000000	0.047155	0.000000	0.047155
-590.000000	0.051342	0.000000	0.051342
-580.000000	0.055589	0.000000	0.055589
-570.000000	0.059854	0.000000	0.059854
-560.000000	0.064174	0.000000	0.064174
-550.000000	0.068506	0.000000	0.068506
-540.000000	0.072848	0.000000	0.072848
-530.000000	0.077235	0.000000	0.077235
-520.000000	0.081664	0.000000	0.081664
-510.000000	0.086092	0.000000	0.086092
-500.000000	0.090554	0.000000	0.090554
-490.000000	0.095046	0.000000	0.095046
-480.000000	0.099526	0.000000	0.099526
-470.000000	0.104062	0.000000	0.104062
-460.000000	0.108577	0.000000	0.108577
-450.000000	0.113138	0.000000	0.113138
-440.000000	0.117666	0.000000	0.117666
-430.000000	0.122228	0.000000	0.122228
-420.000000	0.126814	0.000000	0.126814
-410.000000	0.131349	0.000000	0.131349
-400.000000	0.135927	0.000000	0.135927
-390.000000	0.140472	0.000000	0.140472
-380.000000	0.144977	0.000000	0.144977
-370.000000	0.149494	0.000000	0.149494
-360.000000	0.153952	0.000000	0.153952
-350.000000	0.158398	0.000000	0.158398
-340.000000	0.162791	0.000000	0.162791
-330.000000	0.167118	0.000000	0.167118
-320.000000	0.171368	0.000000	0.171368
-310.000000	0.175575	0.000000	0.175575
-300.000000	0.179650	0.000000	0.179650
-290.000000	0.183648	0.000000	0.183648
-280.000000	0.187526	0.000000	0.187526
-270.000000	0.191246	0.000000	0.191246
-260.000000	0.194828	0.000000	0.194828
-250.000000	0.198232	0.000000	0.198232
-240.000000	0.201436	0.000000	0.201436
-230.000000	0.204418	0.000000	0.204418
-220.000000	0.207157	0.000000	0.207157
-210.000000	0.209631	0.000000	0.209631
-200.000000	0.211825	0.000000	0.211825
-190.000000	0.213696	0.000000	0.213696
-180.000000	0.215226	0.000000	0.215226
-170.000000	0.216402	0.000000	0.216402
-160.000000	0.217194	0.000000	0.217194
-150.000000	0.217591	0.000000	0.217591
-140.000000	0.217580	0.000000	0.217580
-130.000000	0.217150	0.000000	0.217150
-120.000000	0.216302	0.000000	0.216302
-110.000000	0.215030	0.000000	0.215030
-100.000000	0.213349	0.000000	0.213349
-90.000000	0.211266	0.000000	0.211266
-80.000000	0.208803	0.000000	0.208803
-70.000000	0.205975	0.000000	0.205975
-60.000000	0.202798	0.000000	0.202798
-50.000000	0.199320	0.000000	0.199320
-40.000000	0.195549	0.000000	0.195549
-30.000000	0.191505	0.000000	0.191505
-20.000000	0.187251	0.000000	0.187251
-10.000000	0.182792	0.000000	0.182792
0.000000	0.178129	0.000000	0.178129
10.000000	0.173330	0.000000	0.173330
20.000000	0.168395	0.000000	0.168395
30.000000	0.163344	0.000000	0.163344
40.000000	0.158198	0.000000	0.158198
50.000000	0.153005	0.000000	0.153005
60.000000	0.147726	0.000000	0.147726
70.000000	0.142408	0.000000	0.142408
80.000000	0.137065	0.000000	0.137065
90.000000	0.131682	0.000000	0.131682
100.000000	0.126305	0.000000	0.126305
110.000000	0.120913	0.000000	0.120913
120.000000	0.115518	0.000000	0.115518
130.000000	0.110165	0.000000	0.110165
140.000000	0.104832	0.000000	0.104832
150.000000	0.099489	0.000000	0.099489
160.000000	0.094182	0.000000	0.094182
170.000000	0.088920	0.000000	0.088920
180.000000	0.083710	0.000000	0.083710
190.000000	0.078522	0.000000	0.078522
200.000000	0.073359	0.000000	0.073359
210.000000	0.068269	0.000000	0.068269
220.000000	0.063217	0.000000	0.063217
230.000000	0.058168	0.000000	0.058168
240.000000	0.053206	0.000000	0.053206
250.000000	0.048295	0.000000	0.048295
260.000000	0.043441	0.000000	0.043441
270.000000	0.038605	0.000000	0.038605
280.000000	0.033873	0.000000	0.033873
290.000000	0.029166	0.000000	0.029166
300.000000	0.024486	0.000000	0.024486
310.000000	0.019878	0.000000	0.019878
320.000000	0.015345	0.000000	0.015345
330.000000	0.010846	0.000000	0.010846
340.000000	0.006384	0.000000	0.006384
350.000000	0.002003	0.000000	0.002003
360.000000	-0.002337	0.000000	-0.002337
370.000000	-0.006592	0.000000	-0.006592
380.000000	-0.010845	0.000000	-0.010845
390.000000	-0.015011	0.000000	-0.015011
400.000000	-0.019130	0.000000	-0.019130
410.000000	-0.023241	0.000000	-0.023241
420.000000	-0.027262	0.000000	-0.027262
430.000000	-0.031232	0.000000	-0.031232
440.000000	-0.035150	0.000000	-0.035150
450.000000	-0.039015	0.000000	-0.039015
460.000000	-0.042827	0.000000	-0.042827
470.000000	-0.046584	0.000000	-0.046584
480.000000	-0.050287	0.000000	-0.050287
490.000000	-0.053973	0.000000	-0.053973
500.000000	-0.057564	0.000000	-0.057564
510.000000	-0.061137	0.000000	-0.061137
520.000000	-0.064652	0.000000	-0.064652
530.000000	-0.068110	0.000000	-0.068110
540.000000	-0.071549	0.000000	-0.071549
550.000000	-0.074928	0.000000	-0.074928
560.000000	-0.078248	0.000000	-0.078248
570.000000	-0.081509	0.000000	-0.081509
580.000000	-0.084749	0.000000	-0.084749
590.000000	-0.087928	0.000000	-0.087928
600.000000	-0.091085	0.000000	-0.091085
610.000000	-0.094182	0.000000	-0.094182
620.000000	-0.097218	0.000000	-0.097218
630.000000	-0.100230	0.000000	-0.100230
640.000000	-0.103182	0.000000	-0.103182
650.000000	-0.106109	0.000000	-0.106109
660.000000	-0.108975	0.000000	-0.108975
670.000000	-0.111816	0.000000	-0.111816
680.000000	-0.114596	0.000000	-0.114596
690.000000	-0.117350	0.000000	-0.117350
700.000000	-0.120044	0.000000	-0.120044
710.000000	-0.122676	0.000000	-0.122676
720.000000	-0.125317	0.000000	-0.125317
730.000000	-0.127863	0.000000	-0.127863
740.000000	-0.130416	0.000000	-0.130416
750.000000	-0.132908	0.000000	-0.132908
760.000000	-0.135340	0.000000	-0.135340
770.000000	-0.137777	0.000000	-0.137777
780.000000	-0.140121	0.000000	-0.140121
790.000000	-0.142470	0.000000	-0.142470
800.000000	-0.144759	0.000000	-0.144759
810.000000	-0.146989	0.000000	-0.146989
820.000000	-0.149221	0.000000	-0.149221
830.000000	-0.151394	0.000000	-0.151394
840.000000	-0.153508	0.000000	-0.153508
850.000000	-0.155594	0.000000	-0.155594
860.000000	-0.157652	0.000000	-0.157652
870.000000	-0.159680	0.000000	-0.159680
880.000000	-0.161650	0.000000	-0.161650
890.000000	-0.163619	0.000000	-0.163619
900.000000	-0.165503	0.000000	-0.165503
910.000000	-0.167385	0.000000	-0.167385
920.000000	-0.169211	0.000000	-0.169211
930.000000	-0.171007	0.000000	-0.171007
940.000000	-0.172773	0.000000	-0.172773
950.000000	-0.174484	0.000000	-0.174484
960.000000	-0.176165	0.000000	-0.176165
970.000000	-0.177816	0.000000	-0.177816
980.000000	-0.179438	0.000000	-0.179438
990.000000	-0.181005	0.000000	-0.181005
1000.000000	-0.182542	0.000000	-0.182542
1010.000000	-0.184050	0.000000	-0.184050
1020.000000	-0.185527	0.000000	-0.185527
1030.000000	-0.186973	0.000000	-0.186973
1040.000000	-0.188368	0.000000	-0.188368
1050.000000	-0.189732	0.000000	-0.189732
1060.000000	-0.191066	0.000000	-0.191066
1070.000000	-0.192370	0.000000	-0.192370
1080.000000	-0.193643	0.000000	-0.193643
1090.000000	-0.194866	0.000000	-0.194866
1100.000000	-0.196058	0.000000	-0.196058
1110.000000	-0.197221	0.000000	-0.197221
1120.000000	-0.198352	0.000000	-0.198352
1130.000000	-0.199453	0.000000	-0.199453
1140.000000	-0.200523	0.000000	-0.200523
1150.000000	-0.201546	0.000000	-0.201546
1160.000000	-0.202554	0.000000	-0.202554
1170.000000	-0.203516	0.000000	-0.203516
1180.000000	-0.204447	0.000000	-0.204447
1190.000000	-0.205347	0.000000	-0.205347
1200.000000	-0.206203	0.000000	-0.206203
1210.000000	-0.207042	0.000000	-0.207042
1220.000000	-0.207837	0.000000	-0.207837
1230.000000	-0.208614	0.000000	-0.208614
1240.000000	-0.209348	0.000000	-0.209348
1250.000000	-0.210051	0.000000	-0.210051
1260.000000	-0.210724	0.000000	-0.210724
1270.000000	-0.211366	0.000000	-0.211366
1280.000000	-0.211977	0.000000	-0.211977
1290.000000	-0.212557	0.000000	-0.212557
1300.000000	-0.213106	0.000000	-0.213106
1310.000000	-0.213617	0.000000	-0.213617
1320.000000	-0.214104	0.000000	-0.214104
1330.000000	-0.214553	0.000000	-0.214553
1340.000000	-0.214972	0.000000	-0.214972
1350.000000	-0.215367	0.000000	-0.215367
1360.000000	-0.215724	0.000000	-0.215724
1370.000000	-0.216051	0.000000	-0.216051
1380.000000	-0.216348	0.000000	-0.216348
1390.000000	-0.216614	0.000000	-0.216614
1400.000000	-0.216849	0.000000	-0.216849
1410.000000	-0.217054	0.000000	-0.217054
1420.000000	-0.217228	0.000000	-0.217228
1430.000000	-0.217369	0.000000	-0.217369
1440.000000	-0.217482	0.000000	-0.217482
1450.000000	-0.217564	0.000000	-0.217564
1460.000000	-0.217615	0.000000	-0.217615
1470.000000	-0.217637	0.000000	-0.217637
1480.000000	-0.217627	0.000000	-0.217627
1490.000000	-0.217588	0.000000	-0.217588
1500.000000	-0.217518	0.000000	-0.217518
1510.000000	-0.217418	0.000000	-0.217418
1520.000000	-0.217287	0.000000	-0.217287
1530.000000	-0.217128	0.000000	-0.217128
1540.000000	-0.216935	0.000000	-0.216935
1550.000000	-0.216716	0.000000	-0.216716
1560.000000	-0.216463	0.000000	-0.216463
1570.000000	-0.216184	0.000000	-0.216184
1580.000000	-0.215876	0.000000	-0.215876
1590.000000	-0.215532	0.000000	-0.215532
1600.000000	-0.215164	0.000000	-0.215164
1610.000000	-0.214760	0.000000	-0.214760
1620.000000	-0.214333	0.000000	-0.214333
1630.000000	-0.213868	0.000000	-0.213868
1640.000000	-0.213382	0.000000	-0.213382
1650.000000	-0.212858	0.000000	-0.212858
1660.000000	-0.212313	0.000000	-0.212313
1670.000000	-0.211729	0.000000	-0.211729
1680.000000	-0.211115	0.000000	-0.211115
1690.000000	-0.210482	0.000000	-0.210482
1700.000000	-0.209809	0.000000	-0.209809
1710.000000	-0.209107	0.000000	-0.209107
1720.000000	-0.208387	0.000000	-0.208387
1730.000000	-0.207626	0.000000	-0.207626
1740.000000	-0.206835	0.000000	-0.206835
1750.000000	-0.206016	0.000000	-0.206016
1760.000000	-0.205167	0.000000	-0.205167
1770.000000	-0.204289	0.000000	-0.204289
1780.000000	-0.203383	0.000000	-0.203383
1790.000000	-0.202447	0.000000	-0.202447
1800.000000	-0.201483	0.000000	-0.201483
1810.000000	-0.200475	0.000000	-0.200475
1820.000000	-0.199454	0.000000	-0.199454
1830.000000	-0.198387	0.000000	-0.198387
1840.000000	-0.197309	0.000000	-0.197309
1850.000000	-0.196185	0.000000	-0.196185
1860.000000	-0.195033	0.000000	-0.195033
1870.000000	-0.193871	0.000000	-0.193871
1880.000000	-0.192662	0.000000	-0.192662
1890.000000	-0.191425	0.000000	-0.191425
1900.000000	-0.190160	0.000000	-0.190160
1910.000000	-0.188847	0.000000	-0.188847
1920.000000	-0.187527	0.000000	-0.187527
1930.000000	-0.186179	0.000000	-0.186179
1940.000000	-0.184781	0.000000	-0.184781
1950.000000	-0.183356	0.000000	-0.183356
1960.000000	-0.181904	0.000000	-0.181904
1970.000000	-0.180424	0.000000	-0.180424
1980.000000	-0.178917	0.000000	-0.178917
1990.000000	-0.177383	0.000000	-0.177383
2000.000000	-0.175822	0.000000	-0.175822
2010.000000	-0.174210	0.000000	-0.174210
2020.000000	-0.172570	0.000000	-0.172570
2030.000000	-0.170904	0.000000	-0.170904
2040.000000	-0.169211	0.000000	-0.169211
2050.000000	-0.167492	0.000000	-0.167492
2060.000000	-0.165747	0.000000	-0.165747
2070.000000	-0.163949	0.000000	-0.163949
2080.000000	-0.162153	0.000000	-0.162153
2090.000000	-0.160303	0.000000	-0.160303
2100.000000	-0.158427	0.000000	-0.158427
2110.000000	-0.156497	0.000000	-0.156497
2120.000000	-0.154570	0.000000	-0.154570
2130.000000	-0.152589	0.000000	-0.152589
2140.000000	-0.150583	0.000000	-0.150583
2150.000000	-0.148552	0.000000	-0.148552
2160.000000	-0.146496	0.000000	-0.146496
2170.000000	-0.144385	0.000000	-0.144385
2180.000000	-0.142250	0.000000	-0.142250
2190.000000	-0.140090	0.000000	-0.140090
2200.000000	-0.137907	0.000000	-0.137907
2210.000000	-0.135667	0.000000	-0.135667
2220.000000	-0.133404	0.000000	-0.133404
2230.000000	-0.131117	0.000000	-0.131117
2240.000000	-0.128807	0.000000	-0.128807
2250.000000	-0.126441	0.000000	-0.126441
2260.000000	-0.124052	0.000000	-0.124052
2270.000000	-0.121641	0.000000	-0.121641
2280.000000	-0.119173	0.000000	-0.119173
2290.000000	-0.116682	0.000000	-0.116682
2300.000000	-0.114171	0.000000	-0.114171
2310.000000	-0.111638	0.000000	-0.111638
2320.000000	-0.109048	0.000000	-0.109048
2330.000000	-0.106437	0.000000	-0.106437
2340.000000	-0.103770	0.000000	-0.103770
2350.000000	-0.101082	0.000000	-0.101082
2360.000000	-0.098374	0.000000	-0.098374
2370.000000	-0.095610	0.000000	-0.095610
2380.000000	-0.092826	0.000000	-0.092826
2390.000000	-0.090023	0.000000	-0.090023
2400.000000	-0.087165	0.000000	-0.087165
2410.000000	-0.084288	0.000000	-0.084288
2420.000000	-0.081355	0.000000	-0.081355
2430.000000	-0.078405	0.000000	-0.078405
2440.000000	-0.075399	0.000000	-0.075399
2450.000000	-0.072376	0.000000	-0.072376
2460.000000	-0.069338	0.000000	-0.069338
2470.000000	-0.066245	0.000000	-0.066245
2480.000000	-0.063097	0.000000	-0.063097
2490.000000	-0.059935	0.000000	-0.059935
2500.000000	-0.056759	0.000000	-0.056759
2510.000000	-0.053529	0.000000	-0.053529
2520.000000	-0.050247	0.000000	-0.050247
2530.000000	-0.046952	0.000000	-0.046952
2540.000000	-0.043605	0.000000	-0.043605
2550.000000	-0.040247	0.000000	-0.040247
2560.000000	-0.036838	0.000000	-0.036838
2570.000000	-0.033378	0.000000	-0.033378
2580.000000	-0.029910	0.000000	-0.029910
2590.000000	-0.026393	0.000000	-0.026393
2600.000000	-0.022827	0.000000	-0.022827
2610.000000	-0.019255	0.000000	-0.019255
2620.000000	-0.015636	0.000000	-0.015636
2630.000000	-0.011971	0.000000	-0.011971
2640.000000	-0.008303	0.000000	-0.008303
2650.000000	-0.004549	0.000000	-0.004549
2660.000000	-0.000793	0.000000	-0.000793
2670.000000	0.003004	0.000000	0.003004
2680.000000	0.006842	0.000000	0.006842
2690.000000	0.010720	0.000000	0.010720
2700.000000	0.014595	0.000000	0.014595
2710.000000	0.018548	0.000000	0.018548
2720.000000	0.022536	0.000000	0.022536
2730.000000	0.026558	0.000000	0.026558
2740.000000	0.030571	0.000000	0.030571
2750.000000	0.034656	0.000000	0.034656
2760.000000	0.038769	0.000000	0.038769
2770.000000	0.042909	0.000000	0.042909
2780.000000	0.047114	0.000000	0.047114
2790.000000	0.051301	0.000000	0.051301
2800.000000	0.055549	0.000000	0.055549
2810.000000	0.059814	0.000000	0.059814
2820.000000	0.064134	0.000000	0.064134
2830.000000	0.068467	0.000000	0.068467
2840.000000	0.072808	0.000000	0.072808
2850.000000	0.077196	0.000000	0.077196
2860.000000	0.081625	0.000000	0.081625
2870.000000	0.086054	0.000000	0.086054
2880.000000	0.090516	0.000000	0.090516
2890.000000	0.094971	0.000000	0.094971
2900.000000	0.099489	0.000000	0.099489
2910.000000	0.103989	0.000000	0.103989
2920.000000	0.108541	0.000000	0.108541
2930.000000	0.113067	0.000000	0.113067
2940.000000	0.117631	0.000000	0.117631
2950.000000	0.122193	0.000000	0.122193
2960.000000	0.126746	0.000000	0.126746
2970.000000	0.131316	0.000000	0.131316
2980.000000	0.135862	0.000000	0.135862
2990.000000	0.140409	0.000000	0.140409
3000.000000	0.144946	0.000000	0.144946
3010.000000	0.149434	0.000000	0.149434
3020.000000	0.153922	0.000000	0.153922
3030.000000	0.158340	0.000000	0.158340
3040.000000	0.162735	0.000000	0.162735
3050.000000	0.167065	0.000000	0.167065
3060.000000	0.171342	0.000000	0.171342
3070.000000	0.175526	0.000000	0.175526
3080.000000	0.179626	0.000000	0.179626
3090.000000	0.183603	0.000000	0.183603
3100.000000	0.187484	0.000000	0.187484
3110.000000	0.191206	0.000000	0.191206
3120.000000	0.194791	0.000000	0.194791
3130.000000	0.198198	0.000000	0.198198
3140.000000	0.201404	0.000000	0.201404
3150.000000	0.204390	0.000000	0.204390
3160.000000	0.207132	0.000000	0.207132
3170.000000	0.209608	0.000000	0.209608
3180.000000	0.211796	0.000000	0.211796
3190.000000	0.213672	0.000000	0.213672
3200.000000	0.215214	0.000000	0.215214
3210.000000	0.216388	0.000000	0.216388
3220.000000	0.217188	0.000000	0.217188
3230.000000	0.217589	0.000000	0.217589
3240.000000	0.217582	0.000000	0.217582
3250.000000	0.217156	0.000000	0.217156
3260.000000	0.216311	0.000000	0.216311
3270.000000	0.215043	0.000000	0.215043
3280.000000	0.213365	0.000000	0.213365
3290.000000	0.211286	0.000000	0.211286
3300.000000	0.208827	0.000000	0.208827
3310.000000	0.206002	0.000000	0.206002
3320.000000	0.202828	0.000000	0.202828
3330.000000	0.199353	0.000000	0.199353
3340.000000	0.195585	0.000000	0.195585
3350.000000	0.191564	0.000000	0.191564
3360.000000	0.187293	0.000000	0.187293
3370.000000	0.182838	0.000000	0.182838
3380.000000	0.178177	0.000000	0.178177
3390.000000	0.173381	0.000000	0.173381
3400.000000	0.168448	0.000000	0.168448
3410.000000	0.163399	0.000000	0.163399
3420.000000	0.158255	0.000000	0.158255
3430.000000	0.153035	0.000000	0.153035
3440.000000	0.147757	0.000000	0.147757
3450.000000	0.142439	0.000000	0.142439
3460.000000	0.137098	0.000000	0.137098
3470.000000	0.131716	0.000000	0.131716
3480.000000	0.126339	0.000000	0.126339
3490.000000	0.120948	0.000000	0.120948
3500.000000	0.115588	0.000000	0.115588
3510.000000	0.110201	0.000000	0.110201
3520.000000	0.104868	0.000000	0.104868
3530.000000	0.099563	0.000000	0.099563
3540.000000	0.094258	0.000000	0.094258
3550.000000	0.088996	0.000000	0.088996
3560.000000	0.083749	0.000000	0.083749
3570.000000	0.078560	0.000000	0.078560
3580.000000	0.073399	0.000000	0.073399
3590.000000	0.068309	0.000000	0.068309
3600.000000	0.063257	0.000000	0.063257
