2434222.563105	4.672487	0.000000e+00	15793.471054	0.217637	0.577844	2433668.812139	98.226012	1.878337
2434222.563508	4.672486	0.000000e+00	15791.550823	0.216275	0.579584	2433659.883204	95.028731	1.881639
2434222.567229	4.672486	0.000000e+00	15789.556702	0.216246	0.574115	2433660.308854	97.359629	1.882647
2434222.563427	4.672485	0.000000e+00	15791.848416	0.210746	0.554921	2433663.577168	95.602752	1.882982
2434222.566529	4.672484	0.000000e+00	15793.516331	0.209954	0.595609	2433670.810804	95.420987	1.883293
2434222.571233	4.672486	0.000000e+00	15789.818180	0.214697	0.634258	2433659.169045	97.162912	1.884379
2434222.560171	4.672486	0.000000e+00	15791.584637	0.217355	0.579814	2433659.375887	98.120341	1.885269
2434222.564409	4.672485	0.000000e+00	15787.340068	0.215700	0.562778	2433670.823966	97.400269	1.885990
2434222.561849	4.672484	0.000000e+00	15792.111818	0.217641	0.558921	2433664.199552	97.417042	1.886207
2434222.562329	4.672486	0.000000e+00	15790.533166	0.218032	0.595879	2433663.094341	94.860982	1.886363
2434222.558204	4.672487	0.000000e+00	15788.567850	0.211136	0.573831	2433658.308237	95.850963	1.886624
2434222.568813	4.672485	0.000000e+00	15789.936215	0.212819	0.594485	2433659.700200	99.116912	1.887302
2434222.557049	4.672487	0.000000e+00	15792.864744	0.211625	0.531155	2433657.201171	95.298166	1.887378
2434222.567006	4.672486	0.000000e+00	15789.514451	0.212419	0.588313	2433662.477760	94.494298	1.887779
2434222.574557	4.672485	0.000000e+00	15789.227843	0.214613	0.626691	2433666.778060	96.174174	1.888245
2434222.558626	4.672487	0.000000e+00	15791.447785	0.205692	0.568984	2433655.224351	95.178819	1.888309
2434222.568550	4.672486	0.000000e+00	15788.014347	0.214830	0.601050	2433666.680362	99.517913	1.888646
2434222.576098	4.672487	0.000000e+00	15791.697964	0.217621	0.657404	2433672.434978	98.245624	1.888963
2434222.567529	4.672487	0.000000e+00	15784.288006	0.211862	0.612028	2433662.916774	96.039108	1.889038
2434222.570479	4.672485	0.000000e+00	15791.664480	0.209510	0.587819	2433660.049815	94.844946	1.889149
2434222.563144	4.672485	0.000000e+00	15786.881036	0.209218	0.548407	2433664.879950	96.920355	1.889674
2434222.561118	4.672488	0.000000e+00	15789.979960	0.215977	0.554235	2433667.748218	97.716255	1.889779
2434222.568236	4.672485	0.000000e+00	15790.744781	0.218222	0.612661	2433668.768717	94.422424	1.889836
2434222.558910	4.672486	0.000000e+00	15786.978963	0.216606	0.552816	2433660.894817	97.730867	1.890310
2434222.566689	4.672487	0.000000e+00	15793.473886	0.213213	0.579189	2433657.470961	94.427824	1.890408
2434222.571119	4.672485	0.000000e+00	15785.538881	0.214272	0.627747	2433658.477174	96.420834	1.890458
2434222.564559	4.672484	0.000000e+00	15793.133134	0.204911	0.574020	2433654.971851	94.179144	1.890812
2434222.564768	4.672484	0.000000e+00	15785.127566	0.216517	0.586379	2433670.345856	95.757242	1.891077
2434222.567603	4.672484	0.000000e+00	15788.528245	0.207797	0.575711	2433665.760159	97.379885	1.891430
2434222.567088	4.672486	0.000000e+00	15782.456865	0.211572	0.599159	2433669.620843	96.073049	1.891457
2434222.561844	4.672489	0.000000e+00	15793.191592	0.216664	0.623396	2433664.226746	95.293018	1.891583
2434222.560023	4.672484	0.000000e+00	15786.807465	0.213326	0.543174	2433658.117194	95.344173	1.891731
2434222.576616	4.672484	0.000000e+00	15793.299767	0.218363	0.664676	2433659.399534	96.524817	1.891832
2434222.575007	4.672486	0.000000e+00	15786.879769	0.212897	0.621303	2433660.208021	97.877881	1.891846
2434222.572794	4.672488	0.000000e+00	15788.166859	0.218378	0.626954	2433659.463367	96.808273	1.892078
2434222.574096	4.672487	0.000000e+00	15788.755008	0.212692	0.619578	2433670.385375	98.383679	1.892442
2434222.567921	4.672485	0.000000e+00	15791.771258	0.210931	0.576984	2433664.209403	100.076780	1.892445
2434222.565887	4.672489	0.000000e+00	15790.048576	0.215058	0.635771	2433662.737780	95.704684	1.892639
2434222.570251	4.672485	0.000000e+00	15786.519688	0.212471	0.595778	2433664.748017	99.051643	1.892908
2434222.557967	4.672487	0.000000e+00	15786.078659	0.212878	0.531721	2433662.255832	96.603613	1.893439
2434222.573122	4.672487	0.000000e+00	15788.353249	0.214316	0.630262	2433667.341921	96.068297	1.893542
2434222.576776	4.672484	0.000000e+00	15790.524254	0.217951	0.600829	2433667.699848	98.136417	1.893559
2434222.566931	4.672487	0.000000e+00	15781.354269	0.216131	0.619219	2433657.669742	98.056679	1.893897
2434222.574736	4.672485	0.000000e+00	15789.779090	0.211748	0.640923	2433663.490740	95.867106	1.893922
2434222.560848	4.672488	0.000000e+00	15786.541617	0.209798	0.566135	2433667.206912	95.874045	1.893955
2434222.560377	4.672486	0.000000e+00	15784.652521	0.213429	0.597983	2433661.031588	96.306371	1.894120
2434222.565304	4.672487	0.000000e+00	15786.462069	0.210280	0.623147	2433671.036303	97.061224	1.894284
2434222.576102	4.672486	0.000000e+00	15784.827509	0.217836	0.645209	2433671.040969	97.435207	1.894622
2434222.565715	4.672486	0.000000e+00	15781.503157	0.210797	0.573736	2433668.484752	95.662922	1.894712
2434222.555563	4.672485	0.000000e+00	15790.961287	0.211743	0.520713	2433670.388676	97.801017	1.895012
2434222.561457	4.672483	0.000000e+00	15790.476285	0.216359	0.526557	2433660.331968	96.733129	1.895034
2434222.570528	4.672487	0.000000e+00	15791.896682	0.214055	0.655866	2433662.963316	93.865821	1.895356
2434222.559877	4.672489	0.000000e+00	15788.170955	0.209447	0.570478	2433672.425971	96.560774	1.895588
2434222.563557	4.672486	0.000000e+00	15791.229566	0.207585	0.606743	2433664.689945	97.087971	1.895591
2434222.567403	4.672484	0.000000e+00	15793.403396	0.215066	0.580649	2433666.854577	93.377424	1.895639
2434222.562535	4.672486	0.000000e+00	15787.314312	0.209074	0.556781	2433655.403563	99.064040	1.895716
2434222.575610	4.672485	0.000000e+00	15789.323173	0.217140	0.610243	2433672.391488	100.398459	1.896435
2434222.558650	4.672487	0.000000e+00	15790.917447	0.212444	0.564561	2433663.148340	93.443287	1.896543
2434222.564006	4.672484	0.000000e+00	15792.845778	0.202673	0.558725	2433668.608152	95.292982	1.896722
2434222.569479	4.672490	0.000000e+00	15793.069719	0.211005	0.633978	2433656.753544	97.348136	1.896748
2434222.570278	4.672485	0.000000e+00	15780.174108	0.215945	0.599851	2433664.546980	98.915362	1.896833
2434222.554662	4.672487	0.000000e+00	15790.817237	0.208771	0.522368	2433665.501117	94.598496	1.896850
2434222.565335	4.672484	0.000000e+00	15788.768713	0.205906	0.572092	2433656.474890	97.095270	1.896884
2434222.567702	4.672483	0.000000e+00	15785.242892	0.215448	0.588309	2433670.417384	96.208274	1.897021
2434222.569971	4.672486	0.000000e+00	15787.576020	0.213945	0.589906	2433671.849820	95.260585	1.897131
2434222.567419	4.672486	0.000000e+00	15776.963713	0.214801	0.612054	2433661.890631	95.673739	1.897222
2434222.568545	4.672486	0.000000e+00	15793.060142	0.203130	0.589034	2433657.332421	94.440359	1.897292
2434222.569993	4.672488	0.000000e+00	15784.814956	0.216004	0.604724	2433671.511025	100.048453	1.897369
2434222.555745	4.672485	0.000000e+00	15789.146044	0.212844	0.517934	2433666.407501	97.754353	1.897473
2434222.563410	4.672484	0.000000e+00	15790.136119	0.215122	0.599184	2433671.177745	98.598100	1.897515
2434222.570697	4.672486	0.000000e+00	15792.275515	0.213375	0.625190	2433665.604620	100.724671	1.897725
2434222.564479	4.672486	0.000000e+00	15787.209444	0.210869	0.593733	2433669.072909	99.140812	1.897867
2434222.555961	4.672486	0.000000e+00	15792.542518	0.202042	0.536915	2433671.899216	95.346886	1.897959
2434222.553635	4.672485	0.000000e+00	15793.164149	0.216780	0.522990	2433656.061850	96.069081	1.897962
2434222.564227	4.672488	0.000000e+00	15785.935970	0.209507	0.620173	2433672.625382	97.743038	1.898028
2434222.562373	4.672488	0.000000e+00	15789.416611	0.218363	0.607283	2433672.285677	94.808196	1.898053
2434222.570015	4.672483	0.000000e+00	15789.873755	0.216881	0.592684	2433657.546245	98.879598	1.898153
2434222.569029	4.672482	0.000000e+00	15790.625257	0.211470	0.584253	2433669.096857	95.462318	1.898280
2434222.572647	4.672483	0.000000e+00	15788.543257	0.212006	0.584332	2433662.404581	98.130752	1.898571
2434222.572098	4.672489	0.000000e+00	15792.770351	0.215622	0.605667	2433671.475956	100.265209	1.898600
2434222.579768	4.672487	0.000000e+00	15792.366025	0.213769	0.653899	2433658.653606	98.485551	1.898608
2434222.562107	4.672488	0.000000e+00	15789.117313	0.203700	0.590341	2433661.934706	94.607423	1.898817
2434222.565527	4.672488	0.000000e+00	15789.426058	0.205173	0.581827	2433670.031660	97.283492	1.898836
2434222.561101	4.672486	0.000000e+00	15792.695593	0.206241	0.607423	2433662.407243	96.357416	1.898972
2434222.568868	4.672483	0.000000e+00	15785.163331	0.214945	0.616658	2433661.518979	94.791833	1.898999
2434222.563359	4.672487	0.000000e+00	15788.881091	0.202722	0.558405	2433671.066633	97.514363	1.899009
2434222.566396	4.672485	0.000000e+00	15792.880347	0.212857	0.555724	2433672.315996	100.989131	1.899069
2434222.570459	4.672487	0.000000e+00	15788.252478	0.211170	0.658218	2433660.175499	96.847021	1.899126
2434222.555612	4.672485	0.000000e+00	15791.249108	0.212072	0.498983	2433668.850905	96.532376	1.899130
2434222.576820	4.672486	0.000000e+00	15784.475417	0.218001	0.628611	2433660.848978	99.697694	1.899167
2434222.566042	4.672488	0.000000e+00	15778.034223	0.215433	0.622135	2433658.311453	95.288764	1.899284
2434222.564871	4.672487	0.000000e+00	15790.258644	0.217550	0.608008	2433665.587376	93.389781	1.899359
2434222.566415	4.672488	0.000000e+00	15782.495248	0.213956	0.571888	2433667.482019	99.031166	1.899409
2434222.564723	4.672489	0.000000e+00	15785.826144	0.210333	0.591665	2433665.591121	99.064905	1.899433
2434222.555726	4.672489	0.000000e+00	15793.023177	0.218388	0.606720	2433658.882594	96.588301	1.899693
2434222.559757	4.672485	0.000000e+00	15780.375304	0.208461	0.533892	2433658.069323	96.500555	1.899699
2434222.568524	4.672486	0.000000e+00	15787.616731	0.204510	0.605658	2433657.939699	96.709617	1.899778
2434222.565440	4.672483	0.000000e+00	15789.934116	0.207870	0.565128	2433658.913770	93.991773	1.899780
2434222.568729	4.672487	0.000000e+00	15779.056422	0.215889	0.638036	2433661.730039	95.531846	1.899901
2434222.577657	4.672488	0.000000e+00	15789.373971	0.216172	0.648318	2433664.348069	99.066613	1.900024
2434222.568589	4.672490	0.000000e+00	15787.576463	0.216097	0.641908	2433656.803553	97.545895	1.900037
2434222.568168	4.672486	0.000000e+00	15789.932763	0.211008	0.646059	2433665.933685	94.071174	1.900054
2434222.572255	4.672488	0.000000e+00	15786.784999	0.214838	0.596659	2433670.407591	97.693145	1.900246
2434222.561154	4.672488	0.000000e+00	15792.803484	0.212081	0.571834	2433660.611491	92.886604	1.900352
2434222.565989	4.672486	0.000000e+00	15778.979036	0.215974	0.592971	2433668.090839	99.243104	1.900391
2434222.553037	4.672485	0.000000e+00	15792.870817	0.213030	0.511633	2433670.407269	97.533766	1.900421
2434222.566834	4.672485	0.000000e+00	15784.263328	0.207809	0.556341	2433668.844320	98.525313	1.900488
2434222.560341	4.672487	0.000000e+00	15778.942256	0.214074	0.579892	2433659.205442	94.076781	1.900508
2434222.569167	4.672488	0.000000e+00	15788.893661	0.210015	0.580753	2433655.674178	98.917311	1.900543
2434222.560817	4.672490	0.000000e+00	15791.921053	0.215496	0.601535	2433672.060306	95.655257	1.900673
2434222.565884	4.672488	0.000000e+00	15779.990334	0.213934	0.616847	2433658.182537	98.555796	1.900677
2434222.564419	4.672489	0.000000e+00	15791.354143	0.211034	0.607193	2433665.844158	93.700503	1.900679
2434222.556516	4.672486	0.000000e+00	15793.456635	0.213299	0.517557	2433656.617489	93.636151	1.900732
2434222.553646	4.672489	0.000000e+00	15787.124260	0.212859	0.564938	2433663.427493	97.373790	1.900778
2434222.572076	4.672486	0.000000e+00	15783.001652	0.211971	0.577393	2433657.576243	98.224845	1.900783
2434222.564335	4.672485	0.000000e+00	15782.555811	0.216673	0.538661	2433657.259833	96.799928	1.900834
2434222.562189	4.672486	0.000000e+00	15791.076207	0.204426	0.564788	2433662.374374	92.709757	1.901022
2434222.565091	4.672489	0.000000e+00	15791.141866	0.209367	0.579673	2433667.771887	95.748101	1.901154
2434222.554799	4.672485	0.000000e+00	15790.662724	0.216783	0.564042	2433661.033235	94.115724	1.901237
2434222.561356	4.672484	0.000000e+00	15784.208508	0.208121	0.533519	2433670.146726	97.458560	1.901256
2434222.568453	4.672484	0.000000e+00	15782.551571	0.214522	0.565971	2433669.880975	95.285490	1.901297
2434222.562511	4.672485	0.000000e+00	15789.579890	0.202321	0.542811	2433657.144625	97.512066	1.901364
2434222.561942	4.672482	0.000000e+00	15792.249433	0.212631	0.530135	2433655.092871	93.994634	1.901517
2434222.563348	4.672485	0.000000e+00	15788.972933	0.202453	0.578389	2433662.743358	95.705402	1.901529
2434222.563433	4.672486	0.000000e+00	15789.064023	0.206803	0.610960	2433660.097784	97.356351	1.901546
2434222.572092	4.672485	0.000000e+00	15792.035909	0.214080	0.628142	2433657.577262	100.720536	1.901573
2434222.567684	4.672488	0.000000e+00	15783.330376	0.208067	0.606507	2433665.075954	98.340359	1.901717
2434222.562351	4.672486	0.000000e+00	15776.833835	0.209949	0.549313	2433671.302038	95.975045	1.901738
2434222.564886	4.672487	0.000000e+00	15780.229236	0.217577	0.581872	2433656.896280	99.793243	1.901739
2434222.560711	4.672487	0.000000e+00	15785.435316	0.210761	0.568416	2433671.717548	93.384163	1.901810
2434222.560062	4.672484	0.000000e+00	15788.023233	0.210037	0.522746	2433655.051434	93.722303	1.901860
2434222.574968	4.672485	0.000000e+00	15781.286261	0.215076	0.607917	2433658.092935	95.464516	1.902079
2434222.568521	4.672490	0.000000e+00	15787.500051	0.210696	0.649644	2433662.764992	96.325093	1.902168
2434222.567817	4.672485	0.000000e+00	15790.671506	0.211261	0.537064	2433668.702044	96.715628	1.902212
2434222.555501	4.672488	0.000000e+00	15790.883080	0.210355	0.577707	2433672.063930	98.905117	1.902239
2434222.563358	4.672489	0.000000e+00	15787.991530	0.218096	0.610672	2433666.863485	94.879469	1.902272
2434222.564708	4.672485	0.000000e+00	15783.318997	0.207114	0.595190	2433662.780543	93.851783	1.902354
2434222.565364	4.672485	0.000000e+00	15777.855609	0.214721	0.557451	2433657.438812	95.080686	1.902393
2434222.556073	4.672486	0.000000e+00	15792.126347	0.202313	0.505439	2433663.050941	95.442297	1.902478
2434222.552649	4.672489	0.000000e+00	15789.701530	0.217088	0.568696	2433661.213805	96.892071	1.902500
2434222.563594	4.672486	0.000000e+00	15780.967189	0.214225	0.551138	2433671.578558	99.630010	1.902547
2434222.563686	4.672489	0.000000e+00	15786.841875	0.217958	0.575552	2433665.496647	96.742557	1.902564
2434222.555350	4.672487	0.000000e+00	15791.089892	0.203627	0.509713	2433663.651066	96.029299	1.902671
2434222.572169	4.672483	0.000000e+00	15785.192266	0.208001	0.587501	2433665.737912	96.957220	1.902676
2434222.579076	4.672485	0.000000e+00	15788.545661	0.215268	0.612422	2433658.738292	96.765447	1.902788
2434222.556463	4.672486	0.000000e+00	15780.718154	0.215901	0.532901	2433670.357915	96.732838	1.902827
2434222.559875	4.672485	0.000000e+00	15786.446826	0.216666	0.517423	2433657.224784	98.648515	1.902841
2434222.563557	4.672488	0.000000e+00	15774.152965	0.216041	0.578486	2433659.274275	97.493951	1.902896
2434222.553104	4.672487	0.000000e+00	15784.855523	0.216422	0.531907	2433659.236536	96.419880	1.903043
2434222.558132	4.672486	0.000000e+00	15786.599115	0.216331	0.513786	2433657.203305	98.199452	1.903054
2434222.568652	4.672482	0.000000e+00	15789.095945	0.210988	0.555532	2433658.108214	98.067686	1.903147
2434222.554913	4.672489	0.000000e+00	15792.138497	0.207282	0.517664	2433662.550380	98.145216	1.903192
2434222.566322	4.672487	0.000000e+00	15781.026999	0.213844	0.619844	2433660.128826	93.300438	1.903242
2434222.560049	4.672487	0.000000e+00	15782.461524	0.205100	0.545391	2433668.541061	94.719608	1.903323
2434222.554553	4.672488	0.000000e+00	15780.329852	0.207816	0.543134	2433655.472084	94.998785	1.903408
2434222.567179	4.672487	0.000000e+00	15789.154372	0.216913	0.645001	2433662.339332	92.936589	1.903460
2434222.576618	4.672486	0.000000e+00	15786.738096	0.215892	0.648322	2433668.832210	94.554649	1.903530
2434222.572517	4.672488	0.000000e+00	15792.759229	0.217601	0.618296	2433672.673522	102.294249	1.903542
2434222.570809	4.672484	0.000000e+00	15792.800437	0.211372	0.550432	2433660.761184	100.076917	1.903600
2434222.572747	4.672486	0.000000e+00	15793.091233	0.215319	0.666747	2433671.017927	93.311395	1.903608
2434222.573673	4.672484	0.000000e+00	15780.970546	0.217957	0.606159	2433670.003885	95.492295	1.903610
2434222.562930	4.672482	0.000000e+00	15786.596060	0.215532	0.561362	2433664.911178	94.618996	1.903652
2434222.573546	4.672487	0.000000e+00	15779.905356	0.214003	0.637587	2433658.045270	95.225993	1.903674
2434222.570130	4.672483	0.000000e+00	15788.124900	0.211063	0.609439	2433663.017712	93.577938	1.903758
2434222.572470	4.672485	0.000000e+00	15781.964262	0.216759	0.655494	2433665.075520	96.108602	1.904011
2434222.579284	4.672483	0.000000e+00	15793.229624	0.213673	0.596045	2433672.376220	98.248280	1.904024
2434222.568049	4.672484	0.000000e+00	15791.103202	0.217372	0.577837	2433655.992057	92.791969	1.904038
2434222.553961	4.672489	0.000000e+00	15788.950441	0.211226	0.539676	2433655.717324	98.283156	1.904146
2434222.572352	4.672488	0.000000e+00	15792.547559	0.203879	0.625250	2433664.332134	97.162153	1.904168
2434222.570619	4.672486	0.000000e+00	15792.293859	0.201964	0.575541	2433659.363927	96.885033	1.904189
2434222.575533	4.672483	0.000000e+00	15786.713078	0.213361	0.586542	2433672.282666	98.613784	1.904207
2434222.556026	4.672486	0.000000e+00	15792.803042	0.213579	0.538654	2433667.983649	93.064118	1.904273
2434222.553895	4.672487	0.000000e+00	15784.942208	0.215354	0.567688	2433662.469672	94.645651	1.904414
2434222.566054	4.672488	0.000000e+00	15792.637408	0.201843	0.595672	2433659.121077	98.321852	1.904440
2434222.568044	4.672484	0.000000e+00	15777.370751	0.213460	0.563533	2433664.800203	95.483283	1.904445
2434222.565902	4.672486	0.000000e+00	15788.163351	0.212881	0.645923	2433662.475140	96.372951	1.904447
2434222.574175	4.672485	0.000000e+00	15790.760577	0.213408	0.664155	2433658.325843	93.703520	1.904478
2434222.560172	4.672488	0.000000e+00	15778.921877	0.215085	0.605009	2433670.177019	95.045398	1.904622
2434222.568179	4.672486	0.000000e+00	15783.911243	0.216476	0.645293	2433658.692845	98.311469	1.904686
2434222.569817	4.672485	0.000000e+00	15791.877348	0.214587	0.594789	2433656.504240	92.310476	1.904766
2434222.575091	4.672487	0.000000e+00	15787.626221	0.218221	0.660396	2433667.374239	100.653354	1.904784
2434222.565376	4.672490	0.000000e+00	15786.394731	0.214149	0.643957	2433663.812184	98.215462	1.904858
2434222.563872	4.672488	0.000000e+00	15778.384095	0.217424	0.579931	2433656.119931	94.622809	1.904902
2434222.570142	4.672487	0.000000e+00	15780.548365	0.213877	0.626614	2433664.316568	93.890798	1.904963
2434222.561403	4.672485	0.000000e+00	15777.806276	0.217476	0.534548	2433661.221415	96.774018	1.905058
2434222.558902	4.672483	0.000000e+00	15788.449478	0.208218	0.541458	2433669.700855	93.895576	1.905127
2434222.559994	4.672484	0.000000e+00	15781.466132	0.216895	0.535763	2433664.534027	98.362373	1.905142
2434222.571112	4.672482	0.000000e+00	15787.240311	0.215685	0.556331	2433660.559016	96.719108	1.905187
2434222.566300	4.672483	0.000000e+00	15792.668160	0.211956	0.515540	2433672.106715	99.228738	1.905220
2434222.557624	4.672487	0.000000e+00	15779.022686	0.215840	0.585398	2433667.641037	95.688071	1.905226
2434222.573145	4.672487	0.000000e+00	15782.156907	0.217321	0.604125	2433658.513152	95.859137	1.905260
2434222.570194	4.672487	0.000000e+00	15779.091150	0.209884	0.616229	2433663.601981	94.501804	1.905274
2434222.562193	4.672487	0.000000e+00	15775.277176	0.206031	0.571395	2433659.982903	96.029383	1.905309
2434222.559257	4.672485	0.000000e+00	15784.625577	0.202845	0.524653	2433657.236056	96.440456	1.905393
2434222.568430	4.672486	0.000000e+00	15782.488401	0.208667	0.558999	2433657.989023	95.587350	1.905405
2434222.559143	4.672488	0.000000e+00	15782.571531	0.208587	0.584432	2433668.132723	98.498438	1.905409
2434222.554845	4.672488	0.000000e+00	15789.215903	0.217912	0.521787	2433666.727535	97.754262	1.905450
2434222.563180	4.672487	0.000000e+00	15771.013274	0.216705	0.595918	2433664.367124	96.085783	1.905462
2434222.564261	4.672488	0.000000e+00	15773.154052	0.211645	0.603292	2433661.224383	95.190309	1.905509
2434222.566512	4.672487	0.000000e+00	15777.737505	0.209344	0.590765	2433662.376605	94.295451	1.905572
