AHCep:	IVCas	18.1	15.9	0.3	8.11	9.59	64.03	0.06	1.1	0	0.09	AHCep	25757.17	70.52	0.07	0.53	72.02	34	0.31	8.2	0.09	IVCas	AHCep.wyn	AHcep	13426.630000	0.001822	1.774738	1390009000000.000000
BOGem:	BOGem	2.15	0.36	2.43	5.28	6.93	85.2	0.15	97.4	0.01	0.07	BOGEM	30798.81	84.32	0.16	0.24	314.06	2.51	2.91	5.91	0.63	BOGem	bogem.wyn	BOGem	85351.660000	860.350000	4.068664	1013820000000.000000
CCHer:	CCHer	2.4	0.6	0.3	1.93	2.35	54.41	0.06	1.72	0	0.04	CCHer	21136.4	57.87	0.06	0.41	113.08	3	0.31	1.96	0.03	CCHer	ccher.wyn	ccher	24834.080000	2.152112	1.734016	609318200000.000000
IVCas:	IVCas	2.15	1.1	0.12	1.34	1.61	68.28	0.05	-0.86	0	0.03	IVCas	24104.06	65.99	0.04	0.27	302.8	3.25	0.11	1.3	-0.05	IVCas	ivcas.wyn	ivcas	8888.473000	0.044868	0.998515	411660700000.000000
RWCap:	RWCap	2.05	0.92	4.12	7.83	10.45	92.77	0.19	-134.45	0.01	0.06	RWCap	27534.91	75.39	0.13	0.11	56.66	2.97	2.07	5.15	-2.68	RWCap	rwcap2.wyn	RWCap2	3583.741000	0.060413	3.392395	949929500000.000000
RWCap:	RWCap	2.05	0.92	4.12	7.83	10.45	92.77	0.19	-134.45	0.01	0.06	RWCap	27534.91	75.39	0.13	0.11	56.66	2.97	2.07	5.15	-2.68	RWCap	rwcap.wyn	RWCap	71343.920000	385.481800	3.392395	949929500000.000000
RWPer:	RWPer	2.4	0.38	1.08	3.5	4.43	90.96	0.11	3.99	0.04	0.15	RWPer	31097.15	85.14	0.11	0.27	202.36	2.78	1.13	3.57	0.08	RWPer	rwper.wyn	RWper	87878.710000	2686.380000	13.198730	2298642000000.000000
RWTau:	RWTau	3.25	0.71	0.12	1.52	1.82	62.64	0.04	-26.67	0.01	0.06	RWTau	23978.37	65.65	0.04	0.48	73.86	3.96	0.11	1.47	-0.05	RWTau	rwtau.wyn	RWTau	28197.170000	1.989919	2.768831	913126700000.000000
RXGem:	RXGem	2.4	0.43	0.94	3.27	4.12	69.77	0.1	0	0.03	0.15	RXGem	25284.98	69.23	0.1	0.3	15.45	2.83	1.16	3.65	0.38	RXGem	rxgem.wyn	RXGem	64334.700000	916.013200	12.208520	2195192000000.000000
RZAur:	RZAur	2	0.59	0.19	1.48	1.79	86.98	0.06	0	0.01	0.06	RZAur	35172.45	96.3	0.07	0.09	164.77	2.59	0.23	1.59	0.11	RZAur	rzaur.wyn	RZAur	34024.190000	23.666470	3.010631	838120700000.000000
SWCyg:	SWCyg	2.25	0.68	2.33	5.48	7.13	85.31	0.15	137.21	0.01	0.08	SWCyg	28850.43	78.99	0.13	0.22	54.37	2.93	1.81	4.74	-0.74	SWCyg	swcyg.wyn	SWcyg	53175.870000	151.959800	4.573110	1163099000000.000000
SWOph:	SWOph	2.4	0.6	0.45	2.34	2.88	65.2	0.07	54.25	0.01	0.05	SWOph	28847.65	78.98	0.1	0.6	335.48	3	1.38	4.12	1.78	SWOph	swoph.wyn	SWOph	35637.200000	13.043220	2.446005	766385000000.000000
SZCam:	SZCam	16.6	4.2	3.66	17.52	21.66	54.15	0.09	0	0.01	0.1	SZCam	21088.8	57.74	0.09	0.7	26.66	20.8	2.4	14.37	-3.14	SZCam	szcam2.wyn	SZCam2	16655.510000	0.003886	2.698464	1560273000000.000000
SZCam:	SZCam	16.6	4.2	3.66	17.52	21.66	54.15	0.09	0	0.01	0.1	SZCam	21088.8	57.74	0.09	0.7	26.66	20.8	2.4	14.37	-3.14	SZCam	szcam.wyn	szcam	16655.510000	0.003886	2.698464	1560273000000.000000
TLMi:	TLMi	2.05	0.33	0.34	1.82	2.24	123.42	0.1	0	0.01	0.05	TLMi	52048.53	142.5	0.13	0.05	318.87	2.38	0.53	2.25	0.44	TLMi	tlmi.wyn	TLMi	30201.450000	21.453240	3.019909	816500600000.000000
TTAnd:	TTAnd	2.15	0.62	1.08	3.48	4.4	255.1	0.23	0	0.01	0.05	TTAnd	95073.06	260.3	0.23	0.4	51.33	2.77	0.98	3.31	-0.17	TTAnd	ttandb.wyn	TTAnd	33654.260000	0.001284	2.765109	809847200000.000000
TTAnd:	TTAnd	2.15	0.62	1.08	3.48	4.4	255.1	0.23	0	0.01	0.05	TTAnd	95073.06	260.3	0.23	0.4	51.33	2.77	0.98	3.31	-0.17	TTAnd	ttand.wyn	TTAnd	33654.260000	15.679270	2.765109	809847200000.000000
TUHer:	TUHer	1.27	0.51	0.7	2.25	2.85	63.9	0.08	-82.98	0.01	0.04	TUHer	23452.17	64.21	0.08	0.37	265.09	1.78	0.73	2.3	0.05	TUHer	tuher.wyn	TUHer	63551.470000	466.465400	2.267031	612181100000.000000
TWLac:	TWLac	2.15	0.56	0.53	2.4	2.98	53.5	0.07	0	0.01	0.06	TWLac	27701.6	75.84	0.07	0.48	281.84	2.71	0.33	1.93	-0.47	TWLac	twlac.wyn	TWLac	46812.270000	55.942880	3.037481	855921200000.000000
TXAri:	TXAri	1	1	3.25	5.85	7.86	40.26	0.1	0	0.01	0.05	TXAri	15184.45	41.57	0.11	0.44	199.23	2	4.82	7.66	1.81	TXAri	txari.wyn	txari	304239.200000	252926.100000	2.691303	713542800000.000000
TYPeg:	TYPeg	2.15	0.3	0.21	1.47	1.79	91.41	0.06	-78.27	0.01	0.06	TYPeg	47534.86	130.14	0.08	0.64	32.47	2.45	0.27	1.65	0.18	TYPeg	typeg.wyn	typeg	17633.240000	2.272171	3.092222	837537300000.000000
TZEri:	TZEri	1.97	0.37	0.16	1.29	1.57	49.43	0.04	18.14	0.01	0.05	TZEri	18895.87	51.73	0.04	0.18	288.45	2.34	0.11	1.1	-0.2	TZEri	tzeri.wyn	tzeri	60952.600000	163.623800	2.606101	735926500000.000000
UCep:	UCep	4.3	2.15	0.2	2.55	3.05	85.08	0.05	84.17	0.01	0.07	UCep	47988.42	131.39	0.28	0.12	110.65	6.45	6.31	13.67	11.13	UCep	ucep2.wyn	ucep	4939.568000	0.032424	2.492911	1001750000000.000000
UCep:	UCep	4.3	2.15	0.2	2.55	3.05	85.08	0.05	84.17	0.01	0.07	UCep	47988.42	131.39	0.28	0.12	110.65	6.45	6.31	13.67	11.13	UCep	ucep.wyn	ucep	30218.390000	2.061538	2.492911	1001750000000.000000
V442Cas:	V442Cas	1.75	0.32	1.61	3.82	4.97	86.18	0.12	0	0.01	0.06	V442Cas	33666.42	92.17	0.13	0.59	334.95	2.07	2.21	4.63	0.81	V442Cas	v442cas.wyn	v442cas	64384.020000	1062.630000	3.592201	874981400000.000000
V602Aql:	V602Aql	2.15	1.85	0.79	3.57	4.43	87.85	0.11	0	0.01	0.06	V602Aql	42120.96	115.32	0.14	0.73	275.68	4	1.13	4.26	0.69	V602Aql	v602aql2.wyn	v602aql2	53257.110000	196.992500	3.012500	969184300000.000000
V913Oph:	V913Oph	1	1	0.22	1.34	1.64	49.74	0.05	18.66	0.01	0.04	V913Oph	24784.26	67.86	0.06	0.39	195.26	2	0.27	1.5	0.16	V913Oph	v602aql.wyn	v602aql	48985.720000	100.925700	3.012500	969184300000.000000
V913Oph:	V913Oph	1	1	0.22	1.34	1.64	49.74	0.05	18.66	0.01	0.04	V913Oph	24784.26	67.86	0.06	0.39	195.26	2	0.27	1.5	0.16	V913Oph	v913oph.wyn	v913oph	92474.140000	2682.102000	1.917343	569173800000.000000
XYLeo:	XYLeo	1.45	0.57	0.2	1.31	1.6	19.56	0.02	0.09	0	0.01	XYLeo	6912.64	18.93	0.03	0.18	144.33	2.02	0.26	1.46	0.15	XYLeo	xyleo.wyn	xyleo	27791.120000	5.422334	0.284103	138764000000.000000
YCam:	YCam	1.75	0.35	11.86	15.33	21.92	108.05	0.29	0	0.01	0.06	YCam	41135.07	112.62	0.31	0.39	65.51	2.1	12.63	16.13	0.81	YCam	ycam.wyn	ycam	16415.160000	4.818636	3.305570	833092800000.000000
YLeo:	YLeo	1.9	0.56	0.31	1.78	2.18	105.19	0.09	-5.93	0	0.04	YLeo	32972.36	90.27	0.05	0.11	316.09	2.46	0.1	1.06	-0.72	YLeo	yleo.wyn	yleo	21969.390000	2.137314	1.686088	600025000000.000000
YPsc:	YPsc	2.8	0.7	0.11	1.36	1.62	38.29	0.03	-61.78	0.01	0.07	YPsc	11825.61	32.38	0.03	0.61	171.95	3.5	0.27	2.02	0.66	YPsc	ypsc2.wyn	ypsc	4132.849000	0.010080	3.765833	1075718000000.000000
YPsc:	YPsc	2.8	0.7	0.11	1.36	1.62	38.29	0.03	-61.78	0.01	0.07	YPsc	11825.61	32.38	0.03	0.61	171.95	3.5	0.27	2.02	0.66	YPsc	ypsc.wyn	ypsc	36374.290000	0.004901	3.765833	1075718000000.000000
YZAql:	YZAql	2.05	0.6	14.47	18.83	26.88	46.38	0.18	0	0.01	0.08	YZAql	16581.83	45.4	0.2	0.52	102.86	2.65	20.36	24.92	6.09	YZAql	yzaql.wyn	yzaql	204305.900000	20074.710000	4.672488	1132094000000.000000

