-3690.000000	0.175600	0.402792	2416981.490000	3.000000	0.227192	0.402792
-2272.000000	-0.197008	-0.173339	2423606.500000	3.000000	0.023670	-0.173339
-2088.000000	-0.212673	-0.140890	2424466.270000	3.000000	0.071783	-0.140890
-1741.000000	-0.213423	-0.182772	2426087.581000	1.000000	0.030650	-0.182772
-1328.000000	-0.167145	-0.088777	2428017.412000	1.000000	0.078369	-0.088777
-861.000000	-0.050531	-0.110062	2430199.442000	1.000000	-0.059532	-0.110062
-797.000000	-0.028835	-0.059211	2430498.532000	1.000000	-0.030375	-0.059211
-457.000000	0.109949	0.092314	2432087.329000	1.000000	-0.017635	0.092314
-381.000000	0.144541	0.030325	2432442.376000	1.000000	-0.114216	0.030325
-375.000000	0.147235	-0.093595	2432470.287000	1.000000	-0.240830	-0.093595
-298.000000	0.180470	0.143930	2432830.306000	1.000000	-0.036541	0.143930
-222.000000	0.206626	0.063941	2433185.335000	1.000000	-0.142685	0.063941
-88.000000	0.210807	0.130724	2433811.515000	1.000000	-0.080083	0.130724
-82.000000	0.209325	0.092804	2433839.512000	3.000000	-0.116521	0.092804
-66.000000	0.204746	0.118017	2433914.297000	1.000000	-0.086729	0.118017
-15.000000	0.185046	0.016195	2434152.492000	1.000000	-0.168850	0.016195
0.000000	0.178129	0.075895	2434222.639000	3.000000	-0.102234	0.075895
92.000000	0.130617	0.056119	2434652.488000	3.000000	-0.074497	0.056119
162.000000	0.093128	0.050051	2434979.556000	3.000000	-0.043077	0.050051
181.000000	0.083171	-0.065196	2435068.218000	1.000000	-0.148367	-0.065196
232.000000	0.057202	-0.135018	2435306.445000	1.000000	-0.192220	-0.135018
239.000000	0.053732	0.013575	2435339.301000	3.000000	-0.040156	0.013575
372.000000	-0.007468	-0.191155	2435960.537000	1.000000	-0.183687	-0.191155
458.000000	-0.042049	-0.020010	2436362.542000	3.000000	0.022039	-0.020010
553.000000	-0.075907	-0.104246	2436806.344000	1.000000	-0.028339	-0.104246
617.000000	-0.096321	0.015606	2437105.503000	1.000000	0.111926	0.015606
781.000000	-0.140377	-0.328212	2437871.447000	1.000000	-0.187835	-0.328212
784.000000	-0.141077	-0.336672	2437885.456000	1.000000	-0.195595	-0.336672
788.000000	-0.141996	-0.090619	2437904.392000	1.000000	0.051377	-0.090619
794.000000	-0.143383	-0.181539	2437932.336000	1.000000	-0.038156	-0.181539
800.000000	-0.144759	-0.254459	2437960.298000	1.000000	-0.109700	-0.254459
839.000000	-0.153301	-0.203440	2438142.576000	1.000000	-0.050139	-0.203440
870.000000	-0.159680	-0.248528	2438287.378000	1.000000	-0.088848	-0.248528
883.000000	-0.162263	-0.100855	2438348.268000	1.000000	0.061409	-0.100855
922.000000	-0.169578	-0.071836	2438530.524000	1.000000	0.097742	-0.071836
928.000000	-0.170645	-0.177756	2438558.453000	1.000000	-0.007111	-0.177756
940.000000	-0.172773	-0.267596	2438614.433000	1.000000	-0.094823	-0.267596
1010.000000	-0.184050	-0.295665	2438941.479000	1.000000	-0.111615	-0.295665
1035.000000	-0.187674	-0.245832	2439058.341000	1.000000	-0.058158	-0.245832
1062.000000	-0.191345	-0.076973	2439184.667000	1.000000	0.114373	-0.076973
1166.000000	-0.203129	-0.220589	2439670.462000	1.000000	-0.017460	-0.220589
1169.000000	-0.203412	-0.253049	2439684.447000	1.000000	-0.049637	-0.253049
1175.000000	-0.203985	-0.336969	2439712.398000	1.000000	-0.132984	-0.336969
1218.000000	-0.207688	-0.278897	2439913.373000	1.000000	-0.071209	-0.278897
1230.000000	-0.208614	-0.155737	2439969.566000	1.000000	0.052877	-0.155737
1243.000000	-0.209563	0.003936	2440030.468000	1.000000	0.213499	0.003936
1319.000000	-0.214051	-0.078053	2440385.495000	1.000000	0.135999	-0.078053
1340.000000	-0.214972	-0.310273	2440483.385000	1.000000	-0.095301	-0.310273
1395.000000	-0.216735	-0.209042	2440740.473000	1.000000	0.007694	-0.209042
1459.000000	-0.217612	-0.157190	2441039.564000	1.000000	0.060422	-0.157190
1502.000000	-0.217500	-0.294118	2441240.344000	1.000000	-0.076617	-0.294118
1566.000000	-0.216302	-0.241266	2441539.436000	1.000000	-0.024964	-0.241266
1572.000000	-0.216126	-0.336186	2441567.376000	1.000000	-0.120060	-0.336186
1642.000000	-0.213274	-0.239255	2441894.547000	3.000000	-0.025980	-0.239255
1649.000000	-0.212910	-0.104662	2441927.389000	1.000000	0.108248	-0.104662
1697.000000	-0.210019	-0.235023	2442151.538000	1.000000	-0.025004	-0.235023
1728.000000	-0.207775	-0.211110	2442296.409000	3.000000	-0.003335	-0.211110
1801.000000	-0.201373	-0.330639	2442637.381000	1.000000	-0.129266	-0.330639
1823.000000	-0.199135	-0.284346	2442740.222000	1.000000	-0.085211	-0.284346
1850.000000	-0.196185	-0.101487	2442866.562000	1.000000	0.094698	-0.101487
1869.000000	-0.193985	0.025266	2442955.466000	1.000000	0.219250	0.025266
1933.000000	-0.185745	0.082118	2443254.562000	1.000000	0.267863	0.082118
2129.000000	-0.152797	0.006726	2444170.294000	1.000000	0.159523	0.006726
2279.000000	-0.119417	-0.112278	2444871.048000	3.000000	0.007139	-0.112278
2435.000000	-0.076923	-0.076202	2445599.992000	3.000000	0.000721	-0.076202
2672.000000	0.003755	-0.077548	2446707.370000	3.000000	-0.081304	-0.077548
2746.000000	0.033007	-0.047564	2447053.164000	3.000000	-0.080570	-0.047564
3359.000000	0.187738	0.254093	2449917.700000	5.000000	0.066356	0.254093
3446.000000	0.144573	0.143751	2450324.096000	3.000000	-0.000821	0.143751
3452.000000	0.141395	0.145831	2450352.133000	3.000000	0.004436	0.145831
3457.000000	0.138712	0.137398	2450375.487000	3.000000	-0.001314	0.137398
3519.000000	0.105416	0.161223	2450665.205000	3.000000	0.055806	0.161223
3606.000000	0.060216	0.115580	2451071.665700	5.000000	0.055365	0.115580
